['time_signature', 4, 4, 0]
['note_on', 45, 0, 0]
['note_off', 45, 0.26666666666666666, 0]
['note_on', 48, 0.75, 0]
['note_on', 50, 1.0, 0]
['note_off', 48, 1.0041666666666667, 0]
['note_on', 52, 1.25, 0]
['note_off', 50, 1.2666666666666666, 0]
['note_off', 52, 1.3812499999999999, 0]
['note_on', 45, 1.75, 0]
['note_off', 45, 2.48125, 0]
['note_on', 43, 2.5, 0]
['note_off', 43, 2.9770833333333333, 0]
['note_on', 45, 3.0, 0]
['note_off', 45, 3.279166666666667, 0]
['note_on', 45, 4.0, 0]
['note_off', 45, 4.158333333333333, 0]
['note_on', 48, 4.75, 0]
['note_off', 48, 4.908333333333333, 0]
['note_on', 50, 5.0, 0]
['note_on', 52, 5.25, 0]
['note_off', 50, 5.252083333333333, 0]
['note_off', 52, 5.45, 0]
['note_on', 45, 5.75, 0]
['note_on', 48, 6.5, 0]
['note_off', 45, 6.508333333333334, 0]
['note_off', 48, 6.977083333333334, 0]
['note_on', 45, 7.0, 0]
['note_off', 45, 7.185416666666667, 0]
['note_on', 45, 8.0, 0]
['note_off', 45, 8.170833333333333, 0]
['note_on', 45, 8.25, 0]
['note_off', 45, 8.408333333333333, 0]
['note_on', 43, 8.75, 0]
['note_off', 43, 8.9625, 0]
['note_on', 45, 9.0, 0]
['note_off', 45, 9.158333333333333, 0]
['note_on', 45, 9.25, 0]
['note_off', 45, 9.383333333333333, 0]
['note_on', 43, 9.75, 0]
['note_off', 43, 9.977083333333333, 0]
['note_on', 45, 10.0, 0]
['note_off', 45, 10.158333333333333, 0]
['note_on', 45, 10.25, 0]
['note_off', 45, 10.40625, 0]
['note_on', 48, 10.75, 0]
['note_on', 50, 11.5, 0]
['note_off', 48, 11.508333333333333, 0]
['note_off', 50, 11.6875, 0]
['note_on', 45, 12.0, 0]
['note_off', 45, 12.145833333333334, 0]
['note_on', 45, 12.25, 0]
['note_off', 45, 12.395833333333334, 0]
['note_on', 43, 12.75, 0]
['note_off', 43, 12.991666666666667, 0]
['note_on', 45, 13.0, 0]
['note_off', 45, 13.183333333333334, 0]
['note_on', 45, 13.25, 0]
['note_off', 45, 13.408333333333333, 0]
['note_on', 43, 13.446875, 0]
['note_off', 43, 13.671875, 0]
['note_on', 45, 13.696875, 0]
['note_off', 45, 13.867708333333333, 0]
['note_on', 45, 13.946875, 0]
['note_off', 45, 14.171875, 0]
['note_on', 48, 14.196875, 0]
['note_on', 45, 14.446875, 0]
['note_off', 48, 14.463541666666668, 0]
['note_off', 45, 15.246875000000001, 0]
['note_on', 36, 15.696875, 9]
['note_off', 36, 15.821875, 9]
['note_on', 38, 16.196875, 9]
['note_off', 38, 16.446875, 9]
['note_on', 36, 16.446875, 9]
['note_off', 36, 16.76770833333333, 9]
['note_on', 36, 16.946875, 9]
['note_off', 36, 17.105208333333334, 9]
['note_on', 38, 17.196875, 9]
['note_off', 38, 17.407291666666666, 9]
['note_on', 36, 17.696875, 9]
['note_off', 36, 17.857291666666665, 9]
['note_on', 38, 18.196875, 9]
['note_on', 36, 18.446875, 9]
['note_off', 38, 18.448958333333334, 9]
['note_off', 36, 18.832291666666666, 9]
['note_on', 36, 18.946875, 9]
['note_off', 36, 19.17395833333333, 9]
['note_on', 38, 19.196875, 9]
['note_off', 38, 19.409374999999997, 9]
['note_on', 36, 19.446875, 9]
['note_off', 36, 19.538541666666664, 9]
['note_on', 36, 19.696875, 9]
['note_off', 36, 19.869791666666664, 9]
['note_on', 38, 20.196875, 9]
['note_on', 36, 20.446875, 9]
['note_off', 38, 20.448958333333334, 9]
['note_off', 36, 20.751041666666666, 9]
['note_on', 36, 20.946875, 9]
['note_off', 36, 21.08020833333333, 9]
['note_on', 38, 21.196875, 9]
['note_off', 38, 21.396874999999998, 9]
['note_on', 36, 21.696875, 9]
['note_off', 36, 21.867708333333333, 9]
['note_on', 38, 22.196875, 9]
['note_off', 38, 22.446875, 9]
['note_on', 36, 22.446875, 9]
['note_off', 36, 22.805208333333333, 9]
['note_on', 36, 22.946875, 9]
['note_off', 36, 23.067708333333332, 9]
['note_on', 38, 23.196875, 9]
['note_off', 38, 23.34270833333333, 9]
['note_on', 36, 23.696875, 9]
['note_off', 36, 23.803124999999998, 9]
['note_on', 36, 23.946875, 9]
['note_off', 36, 24.028125, 9]
['note_on', 38, 24.196875, 9]
['note_off', 38, 24.394791666666666, 9]
['note_on', 36, 24.446875, 9]
['note_off', 36, 24.565624999999997, 9]
['note_on', 36, 25.446875, 9]
['note_off', 36, 25.513541666666665, 9]
['note_on', 36, 25.696875, 9]
['note_off', 36, 25.815624999999997, 9]
['note_on', 36, 25.946875, 9]
['note_off', 36, 26.038541666666664, 9]
['note_on', 38, 26.196875, 9]
['note_off', 38, 26.409374999999997, 9]
['note_on', 36, 26.446875, 9]
['note_off', 36, 26.726041666666664, 9]
['note_on', 36, 26.946875, 9]
['note_off', 36, 27.013541666666665, 9]
['note_on', 38, 27.196875, 9]
['note_off', 38, 27.367708333333333, 9]
['note_on', 36, 27.446875, 9]
['note_off', 36, 27.538541666666664, 9]
['note_on', 36, 27.696875, 9]
['note_off', 36, 27.803124999999998, 9]
['note_on', 36, 27.946875, 9]
['note_off', 36, 28.028125, 9]
['note_on', 38, 28.196875, 9]
['note_off', 38, 28.394791666666666, 9]
['note_on', 36, 28.446875, 9]
['note_off', 36, 28.565624999999997, 9]
['note_on', 36, 29.446875, 9]
['note_off', 36, 29.448958333333334, 9]
['note_on', 36, 29.632291666666667, 9]
['note_off', 36, 29.751041666666666, 9]
['note_on', 36, 29.882291666666667, 9]
['note_off', 36, 29.973958333333332, 9]
['note_on', 38, 30.132291666666667, 9]
['note_off', 38, 30.344791666666666, 9]
['note_on', 36, 30.382291666666667, 9]
['note_off', 36, 30.661458333333332, 9]
['note_on', 36, 30.882291666666667, 9]
['note_off', 36, 30.948958333333334, 9]
['note_on', 38, 31.132291666666667, 9]
['note_off', 38, 31.303125, 9]
['note_on', 36, 31.382291666666667, 9]
['note_off', 36, 31.473958333333332, 9]
['note_on', 42, 31.632291666666667, 9]
['note_off', 42, 31.723958333333332, 9]
['note_on', 46, 31.882291666666667, 9]
['note_off', 46, 32.001041666666666, 9]
['note_on', 42, 32.13229166666667, 9]
['note_off', 42, 32.184375, 9]
['note_on', 46, 32.38229166666667, 9]
['note_off', 46, 32.526041666666664, 9]
['note_on', 42, 32.63229166666667, 9]
['note_off', 42, 32.709375, 9]
['note_on', 42, 32.88229166666667, 9]
['note_off', 42, 32.936458333333334, 9]
['note_on', 42, 33.00729166666667, 9]
['note_off', 42, 33.07395833333334, 9]
['note_on', 42, 33.13229166666667, 9]
['note_off', 42, 33.196875, 9]
['note_on', 42, 33.38229166666667, 9]
['note_off', 42, 33.421875, 9]
['note_on', 42, 33.50729166666667, 9]
['note_off', 42, 33.559375, 9]
['note_on', 42, 33.63229166666667, 9]
['note_off', 42, 33.709375, 9]
['note_on', 46, 33.88229166666667, 9]
['note_off', 46, 34.08020833333333, 9]
['note_on', 42, 34.13229166666667, 9]
['note_off', 42, 34.196875, 9]
['note_on', 46, 34.38229166666667, 9]
['note_off', 46, 34.58229166666667, 9]
['note_on', 42, 34.63229166666667, 9]
['note_off', 42, 34.709375, 9]
['note_on', 42, 34.88229166666667, 9]
['note_off', 42, 34.946875, 9]
['note_on', 42, 35.00729166666667, 9]
['note_off', 42, 35.071875, 9]
['note_on', 42, 35.13229166666667, 9]
['note_off', 42, 35.223958333333336, 9]
['note_on', 42, 35.38229166666667, 9]
['note_off', 42, 35.432291666666664, 9]
['note_on', 42, 35.50729166666667, 9]
['note_off', 42, 35.557291666666664, 9]
['note_on', 42, 35.63229166666667, 9]
['note_off', 42, 35.696875, 9]
['note_on', 46, 35.88229166666667, 9]
['note_off', 46, 36.065625, 9]
['note_on', 42, 36.13229166666667, 9]
['note_off', 42, 36.19895833333334, 9]
['note_on', 46, 36.38229166666667, 9]
['note_off', 46, 36.540625, 9]
['note_on', 42, 36.63229166666667, 9]
['note_off', 42, 36.69895833333334, 9]
['note_on', 42, 36.88229166666667, 9]
['note_off', 42, 36.91979166666667, 9]
['note_on', 42, 37.00729166666667, 9]
['note_off', 42, 37.059375, 9]
['note_on', 42, 37.13229166666667, 9]
['note_off', 42, 37.19479166666667, 9]
['note_on', 42, 37.38229166666667, 9]
['note_off', 42, 37.434375, 9]
['note_on', 42, 37.50729166666667, 9]
['note_off', 42, 37.557291666666664, 9]
['note_on', 42, 37.63229166666667, 9]
['note_off', 42, 37.684375, 9]
['note_on', 46, 37.88229166666667, 9]
['note_off', 46, 38.03854166666667, 9]
['note_on', 42, 38.13229166666667, 9]
['note_off', 42, 38.196875, 9]
['note_on', 46, 38.38229166666667, 9]
['note_off', 46, 38.526041666666664, 9]
['note_on', 42, 38.63229166666667, 9]
['note_off', 42, 38.684375, 9]
['note_on', 42, 38.75729166666667, 9]
['note_off', 42, 38.82395833333334, 9]
['note_on', 42, 38.88229166666667, 9]
['note_off', 42, 38.934375, 9]
['note_on', 46, 39.00729166666667, 9]
['note_off', 46, 39.08645833333333, 9]
['note_on', 42, 39.13229166666667, 9]
['note_off', 42, 39.23645833333333, 9]
['note_on', 36, 39.63229166666667, 9]
['note_on', 42, 39.63229166666667, 9]
['note_off', 42, 39.723958333333336, 9]
['note_off', 36, 39.75729166666667, 9]
['note_on', 46, 39.88229166666667, 9]
['note_off', 46, 40.001041666666666, 9]
['note_on', 38, 40.13229166666667, 9]
['note_on', 42, 40.13229166666667, 9]
['note_off', 42, 40.184375, 9]
['note_off', 38, 40.38229166666667, 9]
['note_on', 36, 40.38229166666667, 9]
['note_on', 46, 40.38229166666667, 9]
['note_off', 46, 40.526041666666664, 9]
['note_on', 42, 40.63229166666667, 9]
['note_off', 36, 40.703125, 9]
['note_off', 42, 40.709375, 9]
['note_on', 36, 40.88229166666667, 9]
['note_on', 42, 40.88229166666667, 9]
['note_off', 42, 40.936458333333334, 9]
['note_on', 42, 41.00729166666667, 9]
['note_off', 36, 41.040625, 9]
['note_off', 42, 41.07395833333333, 9]
['note_on', 38, 41.13229166666666, 9]
['note_on', 42, 41.13229166666666, 9]
['note_off', 42, 41.19687499999999, 9]
['note_off', 38, 41.34270833333333, 9]
['note_on', 42, 41.38229166666666, 9]
['note_off', 42, 41.42187499999999, 9]
['note_on', 42, 41.50729166666666, 9]
['note_off', 42, 41.559374999999996, 9]
['note_on', 36, 41.63229166666666, 9]
['note_on', 42, 41.63229166666666, 9]
['note_off', 42, 41.709374999999994, 9]
['note_off', 36, 41.79270833333333, 9]
['note_on', 46, 41.88229166666666, 9]
['note_off', 46, 42.080208333333324, 9]
['note_on', 38, 42.13229166666666, 9]
['note_on', 42, 42.13229166666666, 9]
['note_off', 42, 42.19687499999999, 9]
['note_on', 36, 42.38229166666666, 9]
['note_on', 46, 42.38229166666666, 9]
['note_off', 38, 42.38437499999999, 9]
['note_off', 46, 42.582291666666656, 9]
['note_on', 42, 42.63229166666665, 9]
['note_off', 42, 42.70937499999999, 9]
['note_off', 36, 42.76770833333332, 9]
['note_on', 36, 42.88229166666665, 9]
['note_on', 42, 42.88229166666665, 9]
['note_off', 42, 42.946874999999984, 9]
['note_on', 42, 43.00729166666665, 9]
['note_off', 42, 43.071874999999984, 9]
['note_off', 36, 43.109374999999986, 9]
['note_on', 38, 43.13229166666665, 9]
['note_on', 42, 43.13229166666665, 9]
['note_off', 42, 43.22395833333332, 9]
['note_off', 38, 43.34479166666665, 9]
['note_on', 36, 43.38229166666665, 9]
['note_on', 42, 43.38229166666665, 9]
['note_off', 42, 43.43229166666665, 9]
['note_off', 36, 43.473958333333314, 9]
['note_on', 42, 43.507291666666646, 9]
['note_off', 42, 43.55729166666664, 9]
['note_on', 36, 43.632291666666646, 9]
['note_on', 42, 43.632291666666646, 9]
['note_off', 42, 43.69687499999998, 9]
['note_off', 36, 43.80520833333331, 9]
['note_on', 46, 43.882291666666646, 9]
['note_off', 46, 44.065624999999976, 9]
['note_on', 38, 44.132291666666646, 9]
['note_on', 42, 44.132291666666646, 9]
['note_off', 42, 44.198958333333316, 9]
['note_on', 36, 44.382291666666646, 9]
['note_on', 46, 44.382291666666646, 9]
['note_off', 38, 44.38437499999998, 9]
['note_off', 46, 44.54062499999998, 9]
['note_on', 42, 44.632291666666646, 9]
['note_off', 36, 44.68645833333331, 9]
['note_off', 42, 44.698958333333316, 9]
['note_on', 36, 44.882291666666646, 9]
['note_on', 42, 44.882291666666646, 9]
['note_off', 42, 44.91979166666665, 9]
['note_on', 42, 45.007291666666646, 9]
['note_off', 36, 45.01562499999998, 9]
['note_off', 42, 45.05937499999998, 9]
['note_on', 38, 45.132291666666646, 9]
['note_on', 42, 45.132291666666646, 9]
['note_off', 42, 45.194791666666646, 9]
['note_off', 38, 45.33229166666665, 9]
['note_on', 42, 45.382291666666646, 9]
['note_off', 42, 45.43437499999998, 9]
['note_on', 42, 45.507291666666646, 9]
['note_off', 42, 45.55729166666664, 9]
['note_on', 36, 45.632291666666646, 9]
['note_on', 42, 45.632291666666646, 9]
['note_off', 42, 45.68437499999998, 9]
['note_off', 36, 45.80312499999998, 9]
['note_on', 46, 45.882291666666646, 9]
['note_off', 46, 46.038541666666646, 9]
['note_on', 38, 46.132291666666646, 9]
['note_on', 42, 46.132291666666646, 9]
['note_off', 42, 46.19687499999998, 9]
['note_off', 38, 46.382291666666646, 9]
['note_on', 36, 46.382291666666646, 9]
['note_on', 46, 46.382291666666646, 9]
['note_off', 46, 46.52604166666664, 9]
['note_on', 42, 46.632291666666646, 9]
['note_off', 42, 46.68437499999998, 9]
['note_off', 36, 46.74062499999998, 9]
['note_on', 42, 46.757291666666646, 9]
['note_off', 42, 46.823958333333316, 9]
['note_on', 36, 46.882291666666646, 9]
['note_on', 42, 46.882291666666646, 9]
['note_off', 42, 46.93437499999998, 9]
['note_off', 36, 47.00312499999998, 9]
['note_on', 46, 47.00729166666665, 9]
['note_off', 46, 47.08645833333332, 9]
['note_on', 38, 47.13229166666665, 9]
['note_on', 42, 47.13229166666665, 9]
['note_off', 42, 47.23645833333332, 9]
['note_off', 38, 47.27812499999998, 9]
['note_on', 36, 47.632291666666646, 9]
['note_on', 42, 47.632291666666646, 9]
['note_off', 42, 47.723958333333314, 9]
['note_off', 36, 47.73854166666665, 9]
['note_on', 36, 47.882291666666646, 9]
['note_on', 46, 47.882291666666646, 9]
['note_off', 36, 47.96354166666664, 9]
['note_off', 46, 48.001041666666644, 9]
['note_on', 38, 48.132291666666646, 9]
['note_on', 42, 48.132291666666646, 9]
['note_off', 42, 48.18437499999998, 9]
['note_off', 38, 48.33020833333332, 9]
['note_on', 36, 48.38229166666665, 9]
['note_on', 46, 48.38229166666665, 9]
['note_off', 36, 48.50104166666665, 9]
['note_off', 46, 48.52604166666665, 9]
['note_on', 42, 48.63229166666665, 9]
['note_off', 42, 48.70937499999999, 9]
['note_on', 42, 48.88229166666665, 9]
['note_off', 42, 48.93645833333332, 9]
['note_on', 42, 49.00729166666665, 9]
['note_off', 42, 49.07395833333332, 9]
['note_on', 42, 49.13229166666665, 9]
['note_off', 42, 49.196874999999984, 9]
['note_on', 36, 49.38229166666665, 9]
['note_on', 42, 49.38229166666665, 9]
['note_off', 42, 49.421874999999986, 9]
['note_off', 36, 49.448958333333316, 9]
['note_on', 42, 49.507291666666646, 9]
['note_off', 42, 49.55937499999998, 9]
['note_on', 36, 49.632291666666646, 9]
['note_on', 42, 49.632291666666646, 9]
['note_off', 42, 49.70937499999998, 9]
['note_off', 36, 49.751041666666644, 9]
['note_on', 36, 49.882291666666646, 9]
['note_on', 46, 49.882291666666646, 9]
['note_off', 36, 49.973958333333314, 9]
['note_off', 46, 50.08020833333332, 9]
['note_on', 38, 50.13229166666665, 9]
['note_on', 42, 50.13229166666665, 9]
['note_off', 42, 50.196874999999984, 9]
['note_off', 38, 50.34479166666665, 9]
['note_on', 36, 50.38229166666665, 9]
['note_on', 46, 50.38229166666665, 9]
['note_off', 46, 50.582291666666656, 9]
['note_on', 42, 50.63229166666665, 9]
['note_off', 36, 50.66145833333332, 9]
['note_off', 42, 50.70937499999999, 9]
['note_on', 36, 50.88229166666665, 9]
['note_on', 42, 50.88229166666665, 9]
['note_off', 42, 50.946874999999984, 9]
['note_off', 36, 50.948958333333316, 9]
['note_on', 42, 51.007291666666646, 9]
['note_off', 42, 51.07187499999998, 9]
['note_on', 38, 51.132291666666646, 9]
['note_on', 42, 51.132291666666646, 9]
['note_off', 42, 51.223958333333314, 9]
['note_off', 38, 51.30312499999998, 9]
['note_on', 36, 51.382291666666646, 9]
['note_on', 42, 51.382291666666646, 9]
['note_off', 42, 51.43229166666664, 9]
['note_off', 36, 51.47395833333331, 9]
['note_on', 42, 51.50729166666664, 9]
['note_off', 42, 51.557291666666636, 9]
['note_on', 36, 51.63229166666664, 9]
['note_on', 42, 51.63229166666664, 9]
['note_off', 42, 51.69687499999997, 9]
['note_off', 36, 51.738541666666634, 9]
['note_on', 36, 51.88229166666663, 9]
['note_on', 46, 51.88229166666663, 9]
['note_off', 36, 51.96354166666663, 9]
['note_off', 46, 52.06562499999996, 9]
['note_on', 38, 52.13229166666663, 9]
['note_on', 42, 52.13229166666663, 9]
['note_off', 42, 52.1989583333333, 9]
['note_off', 38, 52.3302083333333, 9]
['note_on', 36, 52.38229166666664, 9]
['note_on', 46, 52.38229166666664, 9]
['note_off', 36, 52.50104166666664, 9]
['note_off', 46, 52.54062499999997, 9]
['note_on', 42, 52.63229166666664, 9]
['note_off', 42, 52.69895833333331, 9]
['note_on', 42, 52.88229166666664, 9]
['note_off', 42, 52.91979166666664, 9]
['note_on', 42, 53.00729166666664, 9]
['note_off', 42, 53.059374999999974, 9]
['note_on', 42, 53.13229166666664, 9]
['note_off', 42, 53.19479166666664, 9]
['note_on', 36, 53.38229166666664, 9]
['note_on', 42, 53.38229166666664, 9]
['note_off', 42, 53.434374999999974, 9]
['note_off', 36, 53.436458333333306, 9]
['note_on', 42, 53.494791666666636, 9]
['note_off', 42, 53.54479166666663, 9]
['note_on', 36, 53.619791666666636, 9]
['note_on', 42, 53.619791666666636, 9]
['note_off', 42, 53.67187499999997, 9]
['note_off', 36, 53.73854166666664, 9]
['note_on', 36, 53.86979166666664, 9]
['note_on', 46, 53.86979166666664, 9]
['note_off', 36, 53.96145833333331, 9]
['note_off', 46, 54.02604166666664, 9]
['note_on', 38, 54.11979166666664, 9]
['note_on', 42, 54.11979166666664, 9]
['note_off', 42, 54.184374999999974, 9]
['note_off', 38, 54.33229166666664, 9]
['note_on', 36, 54.36979166666664, 9]
['note_on', 46, 54.36979166666664, 9]
['note_off', 46, 54.51354166666664, 9]
['note_on', 42, 54.61979166666664, 9]
['note_off', 36, 54.64895833333331, 9]
['note_off', 42, 54.67187499999998, 9]
['note_on', 42, 54.74479166666664, 9]
['note_off', 42, 54.81145833333331, 9]
['note_on', 36, 54.86979166666664, 9]
['note_on', 42, 54.86979166666664, 9]
['note_off', 42, 54.92187499999998, 9]
['note_off', 36, 54.93645833333331, 9]
['note_on', 46, 54.99479166666664, 9]
['note_off', 46, 55.07395833333331, 9]
['note_on', 38, 55.11979166666664, 9]
['note_on', 42, 55.11979166666664, 9]
['note_off', 42, 55.22395833333331, 9]
['note_off', 38, 55.29062499999998, 9]
['note_on', 36, 55.36979166666664, 9]
['note_off', 36, 55.46145833333331, 9]
['note_on', 45, 55.61979166666664, 0]
['note_on', 36, 55.61979166666664, 9]
['note_off', 36, 55.74479166666664, 9]
['note_off', 45, 55.88645833333331, 0]
['note_on', 38, 56.11979166666664, 9]
['note_on', 48, 56.36979166666664, 0]
['note_off', 38, 56.36979166666664, 9]
['note_on', 36, 56.36979166666664, 9]
['note_on', 50, 56.61979166666664, 0]
['note_off', 48, 56.62395833333331, 0]
['note_off', 36, 56.69062499999998, 9]
['note_on', 52, 56.86979166666665, 0]
['note_on', 36, 56.86979166666665, 9]
['note_off', 50, 56.886458333333316, 0]
['note_off', 52, 57.00104166666665, 0]
['note_off', 36, 57.02812499999998, 9]
['note_on', 38, 57.11979166666665, 9]
['note_off', 38, 57.33020833333332, 9]
['note_on', 45, 57.36979166666665, 0]
['note_on', 36, 57.61979166666665, 9]
['note_off', 36, 57.78020833333332, 9]
['note_off', 45, 58.10104166666665, 0]
['note_on', 43, 58.11979166666665, 0]
['note_on', 38, 58.11979166666665, 9]
['note_on', 36, 58.36979166666665, 9]
['note_off', 38, 58.37187499999998, 9]
['note_off', 43, 58.59687499999998, 0]
['note_on', 45, 58.61979166666665, 0]
['note_off', 36, 58.755208333333314, 9]
['note_on', 36, 58.86979166666665, 9]
['note_off', 45, 58.89895833333332, 0]
['note_off', 36, 59.09687499999998, 9]
['note_on', 38, 59.11979166666665, 9]
['note_off', 38, 59.33229166666665, 9]
['note_on', 36, 59.36979166666665, 9]
['note_off', 36, 59.46145833333332, 9]
['note_on', 45, 59.61979166666665, 0]
['note_on', 36, 59.61979166666665, 9]
['note_off', 45, 59.77812499999998, 0]
['note_off', 36, 59.792708333333316, 9]
['note_on', 38, 60.11979166666665, 9]
['note_on', 48, 60.36979166666665, 0]
['note_on', 36, 60.36979166666665, 9]
['note_off', 38, 60.37187499999998, 9]
['note_off', 48, 60.52812499999998, 0]
['note_on', 50, 60.61979166666665, 0]
['note_off', 36, 60.67395833333332, 9]
['note_on', 52, 60.86979166666665, 0]
['note_on', 36, 60.86979166666665, 9]
['note_off', 50, 60.87187499999998, 0]
['note_off', 36, 61.00312499999998, 9]
['note_off', 52, 61.06979166666665, 0]
['note_on', 38, 61.11979166666665, 9]
['note_off', 38, 61.31979166666665, 9]
['note_on', 45, 61.36979166666665, 0]
['note_on', 36, 61.61979166666665, 9]
['note_off', 36, 61.790624999999984, 9]
['note_on', 48, 62.11979166666665, 0]
['note_on', 38, 62.11979166666665, 9]
['note_off', 45, 62.12812499999998, 0]
['note_off', 38, 62.36979166666665, 9]
['note_on', 36, 62.36979166666665, 9]
['note_off', 48, 62.59687499999998, 0]
['note_on', 45, 62.61979166666665, 0]
['note_off', 36, 62.728124999999984, 9]
['note_off', 45, 62.80520833333332, 0]
['note_on', 36, 62.86979166666665, 9]
['note_off', 36, 62.99062499999998, 9]
['note_on', 38, 63.11979166666665, 9]
['note_off', 38, 63.265624999999986, 9]
['note_on', 45, 63.61979166666665, 0]
['note_on', 36, 63.61979166666665, 9]
['note_off', 36, 63.72604166666665, 9]
['note_off', 45, 63.790624999999984, 0]
['note_on', 45, 63.86979166666665, 0]
['note_on', 36, 63.86979166666665, 9]
['note_off', 36, 63.95104166666665, 9]
['note_off', 45, 64.02812499999997, 0]
['note_on', 38, 64.11979166666664, 9]
['note_off', 38, 64.31770833333331, 9]
['note_on', 43, 64.36979166666664, 0]
['note_on', 36, 64.36979166666664, 9]
['note_off', 36, 64.48854166666665, 9]
['note_off', 43, 64.58229166666665, 0]
['note_on', 45, 64.61979166666664, 0]
['note_off', 45, 64.77812499999997, 0]
['note_on', 45, 64.86979166666664, 0]
['note_off', 45, 65.00312499999998, 0]
['note_on', 43, 65.36979166666664, 0]
['note_on', 36, 65.36979166666664, 9]
['note_off', 36, 65.4364583333333, 9]
['note_off', 43, 65.59687499999997, 0]
['note_on', 45, 65.61979166666663, 0]
['note_on', 36, 65.61979166666663, 9]
['note_off', 36, 65.73854166666663, 9]
['note_off', 45, 65.77812499999997, 0]
['note_on', 45, 65.86979166666664, 0]
['note_on', 36, 65.86979166666664, 9]
['note_off', 36, 65.96145833333331, 9]
['note_off', 45, 66.02604166666664, 0]
['note_on', 38, 66.11979166666664, 9]
['note_off', 38, 66.33229166666665, 9]
['note_on', 48, 66.36979166666664, 0]
['note_on', 36, 66.36979166666664, 9]
['note_off', 36, 66.64895833333331, 9]
['note_on', 36, 66.86979166666664, 9]
['note_off', 36, 66.9364583333333, 9]
['note_on', 50, 67.11979166666664, 0]
['note_on', 38, 67.11979166666664, 9]
['note_off', 48, 67.12812499999998, 0]
['note_off', 38, 67.29062499999998, 9]
['note_off', 50, 67.30729166666664, 0]
['note_on', 36, 67.36979166666664, 9]
['note_off', 36, 67.46145833333331, 9]
['note_on', 45, 67.61979166666664, 0]
['note_on', 36, 67.61979166666664, 9]
['note_off', 36, 67.72604166666665, 9]
['note_off', 45, 67.76562499999999, 0]
['note_on', 45, 67.86979166666666, 0]
['note_on', 36, 67.86979166666666, 9]
['note_off', 36, 67.95104166666665, 9]
['note_off', 45, 68.01562499999999, 0]
['note_on', 38, 68.11979166666666, 9]
['note_off', 38, 68.31770833333333, 9]
['note_on', 43, 68.36979166666666, 0]
['note_on', 36, 68.36979166666666, 9]
['note_off', 36, 68.48854166666666, 9]
['note_off', 43, 68.61145833333333, 0]
['note_on', 45, 68.61979166666667, 0]
['note_off', 45, 68.80312500000001, 0]
['note_on', 45, 68.86979166666667, 0]
['note_off', 45, 69.028125, 0]
['note_on', 43, 69.06666666666666, 0]
['note_on', 36, 69.06666666666666, 9]
['note_off', 36, 69.06875, 9]
['note_off', 43, 69.22708333333333, 0]
['note_on', 45, 69.25208333333333, 0]
['note_on', 36, 69.25208333333333, 9]
['note_off', 36, 69.37083333333334, 9]
['note_off', 45, 69.42291666666667, 0]
['note_on', 45, 69.50208333333333, 0]
['note_on', 36, 69.50208333333333, 9]
['note_off', 36, 69.59375, 9]
['note_off', 45, 69.72708333333334, 0]
['note_on', 48, 69.75208333333335, 0]
['note_on', 38, 69.75208333333335, 9]
['note_off', 38, 69.96458333333335, 9]
['note_on', 45, 70.00208333333335, 0]
['note_on', 36, 70.00208333333335, 9]
['note_off', 48, 70.01875000000001, 0]
['note_off', 36, 70.28125000000001, 9]
['note_on', 36, 70.50208333333335, 9]
['note_off', 36, 70.56875000000001, 9]
['note_on', 38, 70.75208333333335, 9]
['note_off', 45, 70.80208333333334, 0]
['note_off', 38, 70.92291666666668, 9]
['note_on', 36, 71.00208333333335, 9]
['note_off', 36, 71.09375000000001, 9]
['note_on', 45, 71.25208333333335, 1]
['note_on', 57, 71.25208333333335, 1]
['note_off', 45, 71.65937500000001, 1]
['note_off', 57, 71.74375, 1]
['note_on', 60, 71.75208333333335, 1]
['note_on', 64, 71.75208333333335, 1]
['note_off', 60, 71.88125000000001, 1]
['note_off', 64, 71.88333333333334, 1]
['note_on', 48, 72.00208333333335, 1]
['note_on', 60, 72.00208333333335, 1]
['note_off', 60, 72.19375000000001, 1]
['note_off', 48, 72.23333333333335, 1]
['note_on', 50, 72.25208333333335, 1]
['note_on', 62, 72.25208333333335, 1]
['note_off', 62, 72.45416666666668, 1]
['note_off', 50, 72.47916666666669, 1]
['note_on', 52, 72.50208333333335, 1]
['note_on', 60, 72.50208333333335, 1]
['note_on', 64, 72.50208333333335, 1]
['note_off', 64, 72.65833333333335, 1]
['note_off', 60, 72.69270833333334, 1]
['note_off', 52, 72.69479166666667, 1]
['note_on', 45, 73.00208333333335, 1]
['note_on', 57, 73.00208333333335, 1]
['note_on', 60, 73.50208333333335, 1]
['note_on', 64, 73.50208333333335, 1]
['note_off', 57, 73.54791666666668, 1]
['note_off', 64, 73.67500000000001, 1]
['note_off', 60, 73.67604166666668, 1]
['note_off', 45, 73.70104166666668, 1]
['note_on', 43, 73.75208333333335, 1]
['note_on', 55, 73.75208333333335, 1]
['note_on', 59, 74.00208333333335, 1]
['note_on', 62, 74.00208333333335, 1]
['note_off', 59, 74.09791666666668, 1]
['note_off', 62, 74.12916666666668, 1]
['note_off', 55, 74.14375000000001, 1]
['note_on', 45, 74.25208333333335, 1]
['note_on', 57, 74.25208333333335, 1]
['note_off', 43, 74.29166666666669, 1]
['note_off', 45, 74.35208333333335, 1]
['note_off', 57, 74.39687500000002, 1]
['note_on', 40, 74.50208333333336, 1]
['note_on', 52, 74.50208333333336, 1]
['note_off', 52, 74.62708333333336, 1]
['note_off', 40, 74.6354166666667, 1]
['note_on', 40, 74.75208333333336, 1]
['note_on', 52, 74.75208333333336, 1]
['note_off', 40, 74.94062500000003, 1]
['note_off', 52, 74.96145833333335, 1]
['note_on', 43, 75.00208333333336, 1]
['note_on', 55, 75.00208333333336, 1]
['note_off', 55, 75.18958333333336, 1]
['note_off', 43, 75.20208333333336, 1]
['note_on', 45, 75.25208333333336, 1]
['note_on', 57, 75.25208333333336, 1]
['note_off', 45, 75.47604166666669, 1]
['note_off', 57, 75.70625000000003, 1]
['note_on', 45, 75.75208333333336, 1]
['note_on', 60, 75.75208333333336, 1]
['note_on', 64, 75.75208333333336, 1]
['note_off', 60, 75.88333333333335, 1]
['note_off', 64, 75.89791666666669, 1]
['note_on', 48, 76.00208333333336, 1]
['note_on', 60, 76.00208333333336, 1]
['note_off', 45, 76.00625000000002, 1]
['note_off', 60, 76.1885416666667, 1]
['note_off', 48, 76.22500000000002, 1]
['note_on', 50, 76.25208333333336, 1]
['note_on', 62, 76.25208333333336, 1]
['note_off', 50, 76.4697916666667, 1]
['note_off', 62, 76.47708333333335, 1]
['note_on', 52, 76.50208333333336, 1]
['note_on', 60, 76.50208333333336, 1]
['note_on', 64, 76.50208333333336, 1]
['note_off', 52, 76.6385416666667, 1]
['note_off', 60, 76.6416666666667, 1]
['note_off', 64, 76.6416666666667, 1]
['note_on', 45, 76.73437500000003, 1]
['note_on', 52, 76.73437500000003, 1]
['note_on', 57, 76.73437500000003, 1]
['note_on', 60, 76.73437500000003, 1]
['note_off', 45, 76.9666666666667, 1]
['note_on', 45, 77.23437500000003, 1]
['note_off', 52, 77.33333333333336, 1]
['note_off', 57, 77.35833333333336, 1]
['note_off', 60, 77.43437500000003, 1]
['note_on', 47, 77.48437500000003, 1]
['note_on', 52, 77.48437500000003, 1]
['note_on', 56, 77.48437500000003, 1]
['note_on', 59, 77.48437500000003, 1]
['note_off', 45, 77.48854166666669, 1]
['note_off', 59, 77.62187500000003, 1]
['note_off', 56, 77.6260416666667, 1]
['note_off', 52, 77.65625000000003, 1]
['note_off', 47, 77.7322916666667, 1]
['note_on', 45, 77.98437500000003, 1]
['note_on', 48, 77.98437500000003, 1]
['note_on', 52, 77.98437500000003, 1]
['note_on', 57, 77.98437500000003, 1]
['note_off', 57, 78.24583333333337, 1]
['note_off', 48, 78.27708333333337, 1]
['note_off', 52, 78.28020833333336, 1]
['note_off', 45, 78.36770833333337, 1]
['note_on', 45, 78.98437500000003, 0]
['note_on', 60, 78.98437500000003, 1]
['note_on', 64, 78.98437500000003, 1]
['note_on', 69, 78.98437500000003, 1]
['note_off', 64, 79.08020833333336, 1]
['note_off', 60, 79.08541666666669, 1]
['note_off', 69, 79.09166666666668, 1]
['note_off', 45, 79.15520833333335, 0]
['note_on', 45, 79.23437500000001, 0]
['note_on', 60, 79.23437500000001, 1]
['note_on', 64, 79.23437500000001, 1]
['note_on', 69, 79.23437500000001, 1]
['note_off', 45, 79.39270833333335, 0]
['note_off', 64, 79.55208333333334, 1]
['note_off', 60, 79.61875, 1]
['note_off', 69, 79.71458333333334, 1]
['note_on', 43, 79.734375, 0]
['note_on', 59, 79.734375, 1]
['note_on', 62, 79.734375, 1]
['note_on', 67, 79.734375, 1]
['note_off', 62, 79.82395833333334, 1]
['note_off', 59, 79.85520833333334, 1]
['note_off', 67, 79.91458333333334, 1]
['note_off', 43, 79.946875, 0]
['note_on', 45, 79.984375, 0]
['note_on', 60, 79.984375, 1]
['note_on', 64, 79.984375, 1]
['note_on', 69, 79.984375, 1]
['note_off', 69, 80.065625, 1]
['note_off', 60, 80.075, 1]
['note_off', 64, 80.078125, 1]
['note_off', 45, 80.14270833333333, 0]
['note_on', 45, 80.234375, 0]
['note_on', 60, 80.234375, 1]
['note_on', 64, 80.234375, 1]
['note_on', 69, 80.234375, 1]
['note_off', 45, 80.36770833333334, 0]
['note_off', 64, 80.46354166666667, 1]
['note_off', 60, 80.52187500000001, 1]
['note_off', 69, 80.72916666666667, 1]
['note_on', 43, 80.734375, 0]
['note_on', 59, 80.734375, 1]
['note_on', 62, 80.734375, 1]
['note_on', 67, 80.734375, 1]
['note_off', 59, 80.83125, 1]
['note_off', 62, 80.85104166666666, 1]
['note_off', 67, 80.90520833333332, 1]
['note_off', 43, 80.96145833333333, 0]
['note_on', 45, 80.98437499999999, 0]
['note_on', 60, 80.98437499999999, 1]
['note_on', 64, 80.98437499999999, 1]
['note_on', 69, 80.98437499999999, 1]
['note_off', 69, 81.07604166666665, 1]
['note_off', 64, 81.09374999999999, 1]
['note_off', 60, 81.10416666666666, 1]
['note_off', 45, 81.14270833333332, 0]
['note_on', 45, 81.23437499999999, 0]
['note_on', 60, 81.23437499999999, 1]
['note_on', 64, 81.23437499999999, 1]
['note_on', 69, 81.23437499999999, 1]
['note_off', 60, 81.35416666666666, 1]
['note_off', 69, 81.36354166666666, 1]
['note_off', 64, 81.375, 1]
['note_off', 45, 81.390625, 0]
['note_on', 48, 81.734375, 0]
['note_on', 64, 81.734375, 1]
['note_on', 67, 81.734375, 1]
['note_on', 72, 81.734375, 1]
['note_off', 64, 82.25625, 1]
['note_off', 67, 82.35312499999999, 1]
['note_off', 72, 82.40833333333333, 1]
['note_on', 50, 82.484375, 0]
['note_on', 68, 82.484375, 1]
['note_on', 71, 82.484375, 1]
['note_on', 74, 82.484375, 1]
['note_off', 48, 82.49270833333334, 0]
['note_off', 50, 82.671875, 0]
['note_off', 68, 82.671875, 1]
['note_off', 74, 82.72708333333334, 1]
['note_off', 71, 82.74270833333334, 1]
['note_on', 45, 82.984375, 0]
['note_on', 60, 82.984375, 1]
['note_on', 64, 82.984375, 1]
['note_on', 69, 82.984375, 1]
['note_off', 60, 83.08333333333333, 1]
['note_off', 69, 83.09062499999999, 1]
['note_off', 64, 83.09270833333332, 1]
['note_off', 45, 83.13020833333331, 0]
['note_on', 45, 83.23437499999999, 0]
['note_on', 60, 83.23437499999999, 1]
['note_on', 64, 83.23437499999999, 1]
['note_on', 69, 83.23437499999999, 1]
['note_off', 45, 83.38020833333331, 0]
['note_off', 69, 83.38749999999997, 1]
['note_off', 60, 83.38749999999997, 1]
['note_off', 64, 83.40624999999997, 1]
['note_on', 43, 83.73437499999997, 0]
['note_on', 59, 83.73437499999997, 1]
['note_on', 62, 83.73437499999997, 1]
['note_on', 67, 83.73437499999997, 1]
['note_off', 59, 83.94791666666664, 1]
['note_off', 67, 83.97499999999998, 1]
['note_off', 43, 83.97604166666665, 0]
['note_on', 45, 83.98437499999999, 0]
['note_on', 60, 83.98437499999999, 1]
['note_on', 64, 83.98437499999999, 1]
['note_on', 69, 83.98437499999999, 1]
['note_off', 62, 84.02916666666665, 1]
['note_off', 60, 84.06041666666665, 1]
['note_off', 69, 84.06354166666665, 1]
['note_off', 64, 84.07916666666665, 1]
['note_off', 45, 84.16770833333332, 0]
['note_on', 45, 84.23437499999999, 0]
['note_on', 60, 84.23437499999999, 1]
['note_on', 64, 84.23437499999999, 1]
['note_on', 69, 84.23437499999999, 1]
['note_off', 45, 84.39270833333332, 0]
['note_off', 60, 84.43854166666665, 1]
['note_off', 69, 84.44062499999998, 1]
['note_off', 64, 84.45937499999998, 1]
['note_on', 43, 84.49479166666664, 0]
['note_on', 59, 84.49479166666664, 1]
['note_on', 62, 84.49479166666664, 1]
['note_on', 67, 84.49479166666664, 1]
['note_off', 43, 84.71979166666664, 0]
['note_off', 59, 84.7270833333333, 1]
['note_off', 67, 84.74166666666663, 1]
['note_on', 45, 84.74479166666663, 0]
['note_on', 60, 84.74479166666663, 1]
['note_on', 64, 84.74479166666663, 1]
['note_on', 69, 84.74479166666663, 1]
['note_off', 62, 84.76562499999996, 1]
['note_off', 69, 84.83124999999995, 1]
['note_off', 64, 84.84270833333329, 1]
['note_off', 60, 84.84583333333329, 1]
['note_on', 60, 84.86979166666663, 1]
['note_on', 69, 84.86979166666663, 1]
['note_off', 45, 84.91562499999996, 0]
['note_on', 45, 84.99479166666663, 0]
['note_on', 64, 84.99479166666663, 1]
['note_off', 60, 84.99999999999996, 1]
['note_off', 69, 85.01041666666663, 1]
['note_off', 64, 85.09270833333329, 1]
['note_off', 45, 85.21979166666662, 0]
['note_on', 48, 85.24479166666663, 0]
['note_on', 64, 85.24479166666663, 1]
['note_on', 69, 85.24479166666663, 1]
['note_on', 72, 85.24479166666663, 1]
['note_off', 64, 85.43124999999996, 1]
['note_off', 72, 85.45416666666662, 1]
['note_off', 69, 85.45833333333329, 1]
['note_on', 45, 85.49479166666661, 0]
['note_on', 60, 85.49479166666661, 1]
['note_on', 64, 85.49479166666661, 1]
['note_on', 69, 85.49479166666661, 1]
['note_off', 48, 85.51145833333328, 0]
['note_off', 64, 85.84270833333328, 1]
['note_off', 60, 85.85104166666662, 1]
['note_off', 69, 85.86458333333329, 1]
['note_off', 45, 86.29479166666663, 0]
['note_on', 52, 86.74479166666663, 2]
['note_on', 57, 86.74479166666663, 2]
['note_on', 60, 87.49479166666663, 2]
['note_on', 62, 87.74479166666663, 2]
['note_off', 52, 87.78749999999997, 2]
['note_off', 60, 87.83541666666663, 2]
['note_on', 64, 87.99479166666663, 2]
['note_off', 62, 88.03854166666663, 2]
['note_off', 57, 88.09687499999997, 2]
['note_off', 64, 88.4864583333333, 2]
['note_on', 52, 88.49479166666664, 2]
['note_on', 57, 88.49479166666664, 2]
['note_off', 57, 89.22916666666664, 2]
['note_on', 55, 89.24479166666664, 2]
['note_on', 57, 89.74479166666664, 2]
['note_off', 55, 89.86458333333331, 2]
['note_off', 52, 90.11249999999998, 2]
['note_on', 52, 90.49479166666664, 2]
['note_off', 57, 90.52395833333331, 2]
['note_off', 52, 90.68437499999997, 2]
['note_on', 52, 90.74479166666664, 2]
['note_on', 57, 90.74479166666664, 2]
['note_on', 60, 91.49479166666664, 2]
['note_off', 57, 91.53854166666665, 2]
['note_off', 52, 91.71145833333331, 2]
['note_off', 60, 91.72083333333332, 2]
['note_on', 57, 91.74479166666666, 2]
['note_on', 62, 91.74479166666666, 2]
['note_on', 64, 91.99479166666666, 2]
['note_off', 62, 92.01145833333332, 2]
['note_off', 57, 92.34270833333332, 2]
['note_off', 64, 92.36354166666665, 2]
['note_on', 52, 92.36562499999998, 2]
['note_on', 57, 92.36562499999998, 2]
['note_off', 52, 92.77708333333331, 2]
['note_off', 57, 92.84374999999997, 2]
['note_on', 55, 93.11562499999997, 2]
['note_on', 60, 93.11562499999997, 2]
['note_off', 55, 93.55104166666663, 2]
['note_off', 60, 93.5927083333333, 2]
['note_on', 52, 93.61562499999997, 2]
['note_on', 57, 93.61562499999997, 2]
['note_off', 57, 94.10104166666663, 2]
['note_off', 52, 94.10312499999996, 2]
['note_on', 42, 94.61562499999997, 9]
['note_on', 57, 94.61562499999997, 2]
['note_on', 60, 94.61562499999997, 2]
['note_off', 42, 94.70729166666663, 9]
['note_off', 57, 94.7395833333333, 2]
['note_on', 46, 94.86562499999997, 9]
['note_on', 57, 94.86562499999997, 2]
['note_on', 64, 94.86562499999997, 2]
['note_off', 46, 94.98437499999997, 9]
['note_off', 60, 95.03437499999997, 2]
['note_on', 42, 95.11562499999997, 9]
['note_on', 69, 95.11562499999997, 2]
['note_off', 64, 95.12499999999997, 2]
['note_off', 42, 95.16770833333331, 9]
['note_on', 46, 95.36562499999998, 9]
['note_on', 55, 95.36562499999998, 2]
['note_on', 64, 95.36562499999998, 2]
['note_off', 57, 95.38333333333331, 2]
['note_off', 69, 95.40729166666665, 2]
['note_off', 46, 95.50937499999999, 9]
['note_off', 55, 95.57499999999999, 2]
['note_on', 42, 95.615625, 9]
['note_on', 57, 95.615625, 2]
['note_on', 60, 95.615625, 2]
['note_off', 64, 95.63125, 2]
['note_off', 42, 95.69270833333333, 9]
['note_off', 57, 95.74479166666666, 2]
['note_on', 42, 95.865625, 9]
['note_on', 57, 95.865625, 2]
['note_on', 64, 95.865625, 2]
['note_off', 42, 95.91979166666665, 9]
['note_on', 42, 95.990625, 9]
['note_off', 60, 96.05624999999999, 2]
['note_off', 42, 96.05729166666666, 9]
['note_on', 42, 96.115625, 9]
['note_on', 69, 96.115625, 2]
['note_off', 64, 96.16354166666666, 2]
['note_off', 42, 96.18020833333333, 9]
['note_on', 42, 96.365625, 9]
['note_on', 55, 96.365625, 2]
['note_on', 64, 96.365625, 2]
['note_off', 57, 96.375, 2]
['note_off', 42, 96.40520833333333, 9]
['note_on', 42, 96.490625, 9]
['note_off', 69, 96.49479166666666, 2]
['note_off', 42, 96.54270833333332, 9]
['note_off', 55, 96.57083333333333, 2]
['note_on', 42, 96.615625, 9]
['note_on', 57, 96.615625, 2]
['note_on', 60, 96.615625, 2]
['note_off', 64, 96.61770833333333, 2]
['note_off', 42, 96.69270833333333, 9]
['note_off', 57, 96.74895833333333, 2]
['note_on', 46, 96.865625, 9]
['note_on', 57, 96.865625, 2]
['note_on', 64, 96.865625, 2]
['note_off', 60, 96.953125, 2]
['note_off', 46, 97.06354166666667, 9]
['note_off', 64, 97.11458333333333, 2]
['note_on', 42, 97.115625, 9]
['note_on', 69, 97.115625, 2]
['note_off', 42, 97.18020833333333, 9]
['note_on', 46, 97.365625, 9]
['note_on', 60, 97.365625, 2]
['note_on', 64, 97.365625, 2]
['note_off', 57, 97.37187499999999, 2]
['note_off', 69, 97.39895833333333, 2]
['note_off', 46, 97.565625, 9]
['note_on', 42, 97.615625, 9]
['note_on', 60, 97.615625, 2]
['note_off', 64, 97.64479166666666, 2]
['note_off', 42, 97.69270833333333, 9]
['note_on', 42, 97.865625, 9]
['note_on', 64, 97.865625, 2]
['note_off', 42, 97.93020833333333, 9]
['note_off', 60, 97.94791666666666, 2]
['note_on', 42, 97.990625, 9]
['note_off', 60, 98.00729166666666, 2]
['note_off', 42, 98.05520833333333, 9]
['note_on', 42, 98.115625, 9]
['note_on', 62, 98.115625, 2]
['note_on', 69, 98.115625, 2]
['note_off', 64, 98.13541666666666, 2]
['note_off', 42, 98.20729166666666, 9]
['note_on', 42, 98.365625, 9]
['note_on', 64, 98.365625, 2]
['note_off', 69, 98.390625, 2]
['note_off', 42, 98.415625, 9]
['note_off', 62, 98.41875, 2]
['note_on', 42, 98.49062500000001, 9]
['note_off', 42, 98.540625, 9]
['note_on', 42, 98.61562500000001, 9]
['note_on', 57, 98.61562500000001, 2]
['note_on', 60, 98.61562500000001, 2]
['note_off', 64, 98.64895833333334, 2]
['note_off', 42, 98.68020833333334, 9]
['note_off', 57, 98.73750000000001, 2]
['note_on', 46, 98.86562500000001, 9]
['note_on', 57, 98.86562500000001, 2]
['note_on', 64, 98.86562500000001, 2]
['note_off', 60, 98.93645833333335, 2]
['note_off', 46, 99.04895833333335, 9]
['note_on', 42, 99.11562500000001, 9]
['note_on', 69, 99.11562500000001, 2]
['note_off', 64, 99.1375, 2]
['note_off', 42, 99.18229166666667, 9]
['note_off', 57, 99.35000000000001, 2]
['note_on', 46, 99.36562500000001, 9]
['note_on', 55, 99.36562500000001, 2]
['note_on', 64, 99.36562500000001, 2]
['note_off', 69, 99.39895833333334, 2]
['note_off', 46, 99.52395833333334, 9]
['note_off', 55, 99.56666666666668, 2]
['note_on', 42, 99.61562500000001, 9]
['note_on', 57, 99.61562500000001, 2]
['note_on', 60, 99.61562500000001, 2]
['note_off', 64, 99.62708333333335, 2]
['note_off', 42, 99.68229166666669, 9]
['note_off', 57, 99.73020833333335, 2]
['note_on', 42, 99.86562500000002, 9]
['note_on', 57, 99.86562500000002, 2]
['note_on', 64, 99.86562500000002, 2]
['note_off', 42, 99.90312500000002, 9]
['note_off', 60, 99.93229166666669, 2]
['note_on', 42, 99.99062500000002, 9]
['note_off', 42, 100.04270833333335, 9]
['note_on', 42, 100.11562500000002, 9]
['note_on', 69, 100.11562500000002, 2]
['note_off', 64, 100.13541666666669, 2]
['note_off', 42, 100.17812500000002, 9]
['note_on', 42, 100.22812500000002, 9]
['note_on', 55, 100.22812500000002, 2]
['note_on', 64, 100.22812500000002, 2]
['note_off', 69, 100.27916666666668, 2]
['note_off', 42, 100.28020833333335, 9]
['note_off', 57, 100.28020833333335, 2]
['note_on', 42, 100.35312500000002, 9]
['note_off', 42, 100.40312500000002, 9]
['note_off', 55, 100.41354166666669, 2]
['note_on', 42, 100.47812500000002, 9]
['note_on', 57, 100.47812500000002, 2]
['note_on', 60, 100.47812500000002, 2]
['note_off', 64, 100.50416666666669, 2]
['note_off', 42, 100.53020833333336, 9]
['note_off', 57, 100.5916666666667, 2]
['note_on', 46, 100.72812500000003, 9]
['note_on', 57, 100.72812500000003, 2]
['note_on', 64, 100.72812500000003, 2]
['note_off', 60, 100.85937500000003, 2]
['note_off', 46, 100.88437500000003, 9]
['note_on', 42, 100.97812500000003, 9]
['note_on', 60, 100.97812500000003, 2]
['note_on', 69, 100.97812500000003, 2]
['note_off', 57, 100.98437500000003, 2]
['note_off', 64, 101.01458333333336, 2]
['note_off', 42, 101.04270833333337, 9]
['note_on', 46, 101.22812500000003, 9]
['note_off', 60, 101.22812500000003, 2]
['note_on', 57, 101.22812500000003, 2]
['note_on', 64, 101.22812500000003, 2]
['note_off', 46, 101.37187500000003, 9]
['note_off', 69, 101.41770833333337, 2]
['note_on', 42, 101.47812500000003, 9]
['note_on', 60, 101.47812500000003, 2]
['note_off', 64, 101.52187500000004, 2]
['note_off', 42, 101.53020833333338, 9]
['note_on', 42, 101.60312500000005, 9]
['note_off', 42, 101.66979166666671, 9]
['note_on', 42, 101.72812500000005, 9]
['note_on', 64, 101.72812500000005, 2]
['note_off', 42, 101.78020833333338, 9]
['note_off', 60, 101.82708333333338, 2]
['note_on', 46, 101.85312500000005, 9]
['note_off', 46, 101.93229166666671, 9]
['note_on', 42, 101.97812500000005, 9]
['note_on', 69, 101.97812500000005, 2]
['note_off', 57, 101.97916666666671, 2]
['note_off', 64, 102.01145833333338, 2]
['note_off', 42, 102.08229166666672, 9]
['note_on', 64, 102.22812500000005, 2]
['note_off', 69, 102.24479166666671, 2]
['note_off', 64, 102.46145833333338, 2]
['note_on', 45, 102.47812500000005, 0]
['note_on', 45, 102.47812500000005, 1]
['note_on', 57, 102.47812500000005, 1]
['note_on', 36, 102.47812500000005, 9]
['note_on', 42, 102.47812500000005, 9]
['note_on', 52, 102.47812500000005, 2]
['note_on', 57, 102.47812500000005, 2]
['note_off', 42, 102.56979166666672, 9]
['note_off', 36, 102.60312500000005, 9]
['note_on', 46, 102.72812500000005, 9]
['note_off', 45, 102.74479166666671, 0]
['note_off', 46, 102.84687500000005, 9]
['note_off', 45, 102.88541666666671, 1]
['note_off', 57, 102.96979166666671, 1]
['note_on', 60, 102.97812500000005, 1]
['note_on', 64, 102.97812500000005, 1]
['note_on', 38, 102.97812500000005, 9]
['note_on', 42, 102.97812500000005, 9]
['note_off', 42, 103.03020833333338, 9]
['note_off', 60, 103.10729166666671, 1]
['note_off', 64, 103.10937500000004, 1]
['note_on', 48, 103.22812500000005, 0]
['note_on', 48, 103.22812500000005, 1]
['note_on', 60, 103.22812500000005, 1]
['note_off', 38, 103.22812500000005, 9]
['note_on', 36, 103.22812500000005, 9]
['note_on', 46, 103.22812500000005, 9]
['note_on', 60, 103.22812500000005, 2]
['note_off', 46, 103.37187500000005, 9]
['note_off', 60, 103.41979166666671, 1]
['note_off', 48, 103.45937500000005, 1]
['note_on', 50, 103.47812500000005, 0]
['note_on', 50, 103.47812500000005, 1]
['note_on', 62, 103.47812500000005, 1]
['note_on', 42, 103.47812500000005, 9]
['note_on', 62, 103.47812500000005, 2]
['note_off', 48, 103.48229166666671, 0]
['note_off', 52, 103.52083333333337, 2]
['note_off', 36, 103.54895833333337, 9]
['note_off', 42, 103.55520833333337, 9]
['note_off', 60, 103.56875000000004, 2]
['note_off', 62, 103.68020833333337, 1]
['note_off', 50, 103.70520833333337, 1]
['note_on', 52, 103.72812500000003, 0]
['note_on', 52, 103.72812500000003, 1]
['note_on', 60, 103.72812500000003, 1]
['note_on', 64, 103.72812500000003, 1]
['note_on', 36, 103.72812500000003, 9]
['note_on', 42, 103.72812500000003, 9]
['note_on', 64, 103.72812500000003, 2]
['note_off', 50, 103.7447916666667, 0]
['note_off', 62, 103.77187500000004, 2]
['note_off', 42, 103.78229166666671, 9]
['note_off', 57, 103.83020833333337, 2]
['note_on', 42, 103.85312500000003, 9]
['note_off', 52, 103.85937500000003, 0]
['note_off', 64, 103.88437500000003, 1]
['note_off', 36, 103.88645833333337, 9]
['note_off', 60, 103.91875000000003, 1]
['note_off', 42, 103.9197916666667, 9]
['note_off', 52, 103.92083333333336, 1]
['note_on', 38, 103.97812500000003, 9]
['note_on', 42, 103.97812500000003, 9]
['note_off', 42, 104.04270833333337, 9]
['note_off', 38, 104.1885416666667, 9]
['note_off', 64, 104.2197916666667, 2]
['note_on', 45, 104.22812500000003, 0]
['note_on', 45, 104.22812500000003, 1]
['note_on', 57, 104.22812500000003, 1]
['note_on', 42, 104.22812500000003, 9]
['note_on', 52, 104.22812500000003, 2]
['note_on', 57, 104.22812500000003, 2]
['note_off', 42, 104.26770833333337, 9]
['note_on', 42, 104.35312500000003, 9]
['note_off', 42, 104.40520833333336, 9]
['note_on', 36, 104.47812500000003, 9]
['note_on', 42, 104.47812500000003, 9]
['note_off', 42, 104.55520833333337, 9]
['note_off', 36, 104.6385416666667, 9]
['note_on', 60, 104.72812500000003, 1]
['note_on', 64, 104.72812500000003, 1]
['note_on', 46, 104.72812500000003, 9]
['note_off', 57, 104.77395833333337, 1]
['note_off', 64, 104.9010416666667, 1]
['note_off', 60, 104.90208333333337, 1]
['note_off', 46, 104.9260416666667, 9]
['note_off', 45, 104.92708333333337, 1]
['note_off', 45, 104.95937500000004, 0]
['note_off', 57, 104.96250000000003, 2]
['note_on', 43, 104.97812500000003, 0]
['note_on', 43, 104.97812500000003, 1]
['note_on', 55, 104.97812500000003, 1]
['note_on', 38, 104.97812500000003, 9]
['note_on', 42, 104.97812500000003, 9]
['note_on', 55, 104.97812500000003, 2]
['note_off', 42, 105.04270833333337, 9]
['note_on', 59, 105.22812500000003, 1]
['note_on', 62, 105.22812500000003, 1]
['note_on', 36, 105.22812500000003, 9]
['note_on', 46, 105.22812500000003, 9]
['note_off', 38, 105.23020833333337, 9]
['note_off', 59, 105.32395833333337, 1]
['note_off', 62, 105.35520833333337, 1]
['note_off', 55, 105.3697916666667, 1]
['note_off', 46, 105.42812500000004, 9]
['note_off', 43, 105.45520833333337, 0]
['note_on', 45, 105.47812500000003, 0]
['note_on', 45, 105.47812500000003, 1]
['note_on', 57, 105.47812500000003, 1]
['note_on', 42, 105.47812500000003, 9]
['note_on', 57, 105.47812500000003, 2]
['note_off', 43, 105.51770833333337, 1]
['note_off', 42, 105.55520833333337, 9]
['note_off', 45, 105.57812500000003, 1]
['note_off', 55, 105.59791666666669, 2]
['note_off', 36, 105.61354166666669, 9]
['note_off', 57, 105.6229166666667, 1]
['note_on', 40, 105.72812500000003, 1]
['note_on', 52, 105.72812500000003, 1]
['note_on', 36, 105.72812500000003, 9]
['note_on', 42, 105.72812500000003, 9]
['note_off', 45, 105.7572916666667, 0]
['note_off', 42, 105.79270833333337, 9]
['note_off', 52, 105.84583333333336, 2]
['note_off', 52, 105.85312500000002, 1]
['note_on', 42, 105.85312500000002, 9]
['note_off', 40, 105.86145833333336, 1]
['note_off', 42, 105.91770833333337, 9]
['note_off', 36, 105.95520833333336, 9]
['note_on', 40, 105.97812500000002, 1]
['note_on', 52, 105.97812500000002, 1]
['note_on', 38, 105.97812500000002, 9]
['note_on', 42, 105.97812500000002, 9]
['note_off', 42, 106.06979166666669, 9]
['note_off', 40, 106.16666666666669, 1]
['note_off', 52, 106.18750000000001, 1]
['note_off', 38, 106.19062500000001, 9]
['note_on', 43, 106.228125, 1]
['note_on', 55, 106.228125, 1]
['note_on', 36, 106.228125, 9]
['note_on', 42, 106.228125, 9]
['note_on', 52, 106.228125, 2]
['note_off', 57, 106.25729166666667, 2]
['note_off', 42, 106.278125, 9]
['note_off', 36, 106.31979166666667, 9]
['note_on', 42, 106.353125, 9]
['note_off', 42, 106.403125, 9]
['note_off', 55, 106.415625, 1]
['note_off', 52, 106.41770833333334, 2]
['note_off', 43, 106.42812500000001, 1]
['note_on', 45, 106.478125, 0]
['note_on', 45, 106.478125, 1]
['note_on', 57, 106.478125, 1]
['note_on', 36, 106.478125, 9]
['note_on', 42, 106.478125, 9]
['note_on', 52, 106.478125, 2]
['note_on', 57, 106.478125, 2]
['note_off', 42, 106.54270833333334, 9]
['note_off', 45, 106.63645833333334, 0]
['note_off', 36, 106.65104166666667, 9]
['note_off', 45, 106.70208333333333, 1]
['note_on', 46, 106.728125, 9]
['note_off', 46, 106.91145833333334, 9]
['note_off', 57, 106.93229166666667, 1]
['note_on', 45, 106.978125, 1]
['note_on', 60, 106.978125, 1]
['note_on', 64, 106.978125, 1]
['note_on', 38, 106.978125, 9]
['note_on', 42, 106.978125, 9]
['note_off', 42, 107.04479166666667, 9]
['note_off', 60, 107.109375, 1]
['note_off', 64, 107.12395833333333, 1]
['note_on', 48, 107.228125, 0]
['note_on', 48, 107.228125, 1]
['note_on', 60, 107.228125, 1]
['note_on', 36, 107.228125, 9]
['note_on', 46, 107.228125, 9]
['note_on', 60, 107.228125, 2]
['note_off', 38, 107.23020833333334, 9]
['note_off', 45, 107.23229166666667, 1]
['note_off', 57, 107.27187500000001, 2]
['note_off', 48, 107.38645833333334, 0]
['note_off', 46, 107.38645833333334, 9]
['note_off', 60, 107.41458333333334, 1]
['note_off', 52, 107.44479166666667, 2]
['note_off', 48, 107.45104166666667, 1]
['note_off', 60, 107.45416666666667, 2]
['note_on', 50, 107.478125, 0]
['note_on', 50, 107.478125, 1]
['note_on', 62, 107.478125, 1]
['note_on', 42, 107.478125, 9]
['note_on', 57, 107.478125, 2]
['note_on', 62, 107.478125, 2]
['note_off', 36, 107.53229166666667, 9]
['note_off', 42, 107.54479166666667, 9]
['note_off', 50, 107.69583333333334, 1]
['note_off', 62, 107.703125, 1]
['note_on', 52, 107.728125, 0]
['note_on', 52, 107.728125, 1]
['note_on', 60, 107.728125, 1]
['note_on', 64, 107.728125, 1]
['note_on', 36, 107.728125, 9]
['note_on', 42, 107.728125, 9]
['note_on', 64, 107.728125, 2]
['note_off', 50, 107.73020833333334, 0]
['note_off', 62, 107.74479166666667, 2]
['note_off', 42, 107.765625, 9]
['note_on', 42, 107.853125, 9]
['note_off', 36, 107.86145833333335, 9]
['note_off', 52, 107.86458333333334, 1]
['note_off', 60, 107.86770833333334, 1]
['note_off', 64, 107.86770833333334, 1]
['note_off', 42, 107.90520833333333, 9]
['note_off', 52, 107.928125, 0]
['note_on', 38, 107.97812499999999, 9]
['note_on', 42, 107.97812499999999, 9]
['note_off', 42, 108.04062499999999, 9]
['note_off', 57, 108.07604166666665, 2]
['note_off', 38, 108.11874999999999, 9]
['note_off', 64, 108.13958333333332, 2]
['note_on', 45, 108.14166666666665, 0]
['note_on', 45, 108.14166666666665, 1]
['note_on', 52, 108.14166666666665, 1]
['note_on', 57, 108.14166666666665, 1]
['note_on', 60, 108.14166666666665, 1]
['note_on', 42, 108.14166666666665, 9]
['note_on', 52, 108.14166666666665, 2]
['note_on', 57, 108.14166666666665, 2]
['note_off', 42, 108.19374999999998, 9]
['note_on', 42, 108.26666666666665, 9]
['note_off', 42, 108.31666666666665, 9]
['note_off', 45, 108.37395833333332, 1]
['note_on', 36, 108.39166666666665, 9]
['note_on', 42, 108.39166666666665, 9]
['note_off', 42, 108.44374999999998, 9]
['note_off', 52, 108.55312499999998, 2]
['note_off', 36, 108.56249999999999, 9]
['note_off', 57, 108.61979166666666, 2]
['note_on', 45, 108.64166666666665, 1]
['note_on', 46, 108.64166666666665, 9]
['note_off', 52, 108.74062499999998, 1]
['note_off', 57, 108.76562499999999, 1]
['note_off', 46, 108.79791666666665, 9]
['note_off', 60, 108.84166666666665, 1]
['note_on', 48, 108.89166666666665, 0]
['note_on', 47, 108.89166666666665, 1]
['note_on', 52, 108.89166666666665, 1]
['note_on', 56, 108.89166666666665, 1]
['note_on', 59, 108.89166666666665, 1]
['note_on', 38, 108.89166666666665, 9]
['note_on', 42, 108.89166666666665, 9]
['note_on', 55, 108.89166666666665, 2]
['note_on', 60, 108.89166666666665, 2]
['note_off', 45, 108.89583333333331, 1]
['note_off', 45, 108.89999999999998, 0]
['note_off', 42, 108.95624999999998, 9]
['note_off', 59, 109.02916666666665, 1]
['note_off', 56, 109.03333333333332, 1]
['note_off', 52, 109.06354166666665, 1]
['note_off', 47, 109.13958333333332, 1]
['note_off', 38, 109.14166666666665, 9]
['note_on', 36, 109.14166666666665, 9]
['note_on', 46, 109.14166666666665, 9]
['note_off', 46, 109.28541666666665, 9]
['note_off', 55, 109.32708333333332, 2]
['note_off', 48, 109.36874999999999, 0]
['note_off', 60, 109.36874999999999, 2]
['note_on', 45, 109.39166666666665, 0]
['note_on', 45, 109.39166666666665, 1]
['note_on', 48, 109.39166666666665, 1]
['note_on', 52, 109.39166666666665, 1]
['note_on', 57, 109.39166666666665, 1]
['note_on', 42, 109.39166666666665, 9]
['note_on', 52, 109.39166666666665, 2]
['note_on', 57, 109.39166666666665, 2]
['note_off', 42, 109.44374999999998, 9]
['note_off', 36, 109.49999999999999, 9]
['note_on', 42, 109.51666666666665, 9]
['note_off', 45, 109.57708333333332, 0]
['note_off', 42, 109.58333333333331, 9]
['note_on', 36, 109.64166666666665, 9]
['note_on', 42, 109.64166666666665, 9]
['note_off', 57, 109.65312499999999, 1]
['note_off', 48, 109.68437499999999, 1]
['note_off', 52, 109.68749999999999, 1]
['note_off', 42, 109.69374999999998, 9]
['note_off', 36, 109.76249999999997, 9]
['note_on', 46, 109.76666666666664, 9]
['note_off', 45, 109.77499999999998, 1]
['note_off', 46, 109.84583333333332, 9]
['note_off', 57, 109.87708333333332, 2]
['note_off', 52, 109.87916666666665, 2]
['note_on', 38, 109.89166666666665, 9]
['note_on', 42, 109.89166666666665, 9]
['note_off', 42, 109.99583333333332, 9]
['note_off', 38, 110.0375, 9]
['note_on', 45, 110.39166666666667, 0]
['note_on', 60, 110.39166666666667, 1]
['note_on', 64, 110.39166666666667, 1]
['note_on', 69, 110.39166666666667, 1]
['note_on', 36, 110.39166666666667, 9]
['note_on', 42, 110.39166666666667, 9]
['note_on', 57, 110.39166666666667, 2]
['note_on', 60, 110.39166666666667, 2]
['note_off', 42, 110.48333333333333, 9]
['note_off', 64, 110.4875, 1]
['note_off', 60, 110.49270833333333, 1]
['note_off', 36, 110.49791666666665, 9]
['note_off', 69, 110.49895833333332, 1]
['note_off', 57, 110.51562499999999, 2]
['note_off', 45, 110.56249999999999, 0]
['note_on', 45, 110.64166666666665, 0]
['note_on', 60, 110.64166666666665, 1]
['note_on', 64, 110.64166666666665, 1]
['note_on', 69, 110.64166666666665, 1]
['note_on', 36, 110.64166666666665, 9]
['note_on', 46, 110.64166666666665, 9]
['note_on', 57, 110.64166666666665, 2]
['note_on', 64, 110.64166666666665, 2]
['note_off', 36, 110.72291666666665, 9]
['note_off', 46, 110.76041666666664, 9]
['note_off', 45, 110.79999999999998, 0]
['note_off', 60, 110.81041666666665, 2]
['note_on', 38, 110.89166666666665, 9]
['note_on', 42, 110.89166666666665, 9]
['note_on', 69, 110.89166666666665, 2]
['note_off', 64, 110.90104166666666, 2]
['note_off', 42, 110.94375, 9]
['note_off', 64, 110.959375, 1]
['note_off', 60, 111.02604166666666, 1]
['note_off', 38, 111.08958333333332, 9]
['note_off', 69, 111.12187499999999, 1]
['note_on', 43, 111.14166666666665, 0]
['note_on', 59, 111.14166666666665, 1]
['note_on', 62, 111.14166666666665, 1]
['note_on', 67, 111.14166666666665, 1]
['note_on', 36, 111.14166666666665, 9]
['note_on', 46, 111.14166666666665, 9]
['note_on', 55, 111.14166666666665, 2]
['note_on', 64, 111.14166666666665, 2]
['note_off', 57, 111.15937499999998, 2]
['note_off', 69, 111.18333333333332, 2]
['note_off', 62, 111.23124999999999, 1]
['note_off', 36, 111.26041666666666, 9]
['note_off', 59, 111.26249999999999, 1]
['note_off', 46, 111.28541666666665, 9]
['note_off', 67, 111.32187499999998, 1]
['note_off', 55, 111.35104166666665, 2]
['note_off', 43, 111.35416666666664, 0]
['note_on', 45, 111.39166666666664, 0]
['note_on', 60, 111.39166666666664, 1]
['note_on', 64, 111.39166666666664, 1]
['note_on', 69, 111.39166666666664, 1]
['note_on', 42, 111.39166666666664, 9]
['note_on', 57, 111.39166666666664, 2]
['note_on', 60, 111.39166666666664, 2]
['note_off', 64, 111.40729166666664, 2]
['note_off', 42, 111.46874999999997, 9]
['note_off', 69, 111.47291666666663, 1]
['note_off', 60, 111.48229166666664, 1]
['note_off', 64, 111.48541666666664, 1]
['note_off', 57, 111.5208333333333, 2]
['note_off', 45, 111.54999999999997, 0]
['note_on', 45, 111.64166666666664, 0]
['note_on', 60, 111.64166666666664, 1]
['note_on', 64, 111.64166666666664, 1]
['note_on', 69, 111.64166666666664, 1]
['note_on', 42, 111.64166666666664, 9]
['note_on', 57, 111.64166666666664, 2]
['note_on', 64, 111.64166666666664, 2]
['note_off', 42, 111.6958333333333, 9]
['note_on', 42, 111.76666666666664, 9]
['note_off', 45, 111.77499999999998, 0]
['note_off', 60, 111.83229166666665, 2]
['note_off', 42, 111.83333333333331, 9]
['note_off', 64, 111.87083333333331, 1]
['note_on', 42, 111.89166666666664, 9]
['note_on', 69, 111.89166666666664, 2]
['note_off', 60, 111.92916666666663, 1]
['note_off', 64, 111.9395833333333, 2]
['note_off', 42, 111.95624999999997, 9]
['note_off', 69, 112.13645833333331, 1]
['note_on', 43, 112.14166666666664, 0]
['note_on', 59, 112.14166666666664, 1]
['note_on', 62, 112.14166666666664, 1]
['note_on', 67, 112.14166666666664, 1]
['note_on', 36, 112.14166666666664, 9]
['note_on', 42, 112.14166666666664, 9]
['note_on', 55, 112.14166666666664, 2]
['note_on', 64, 112.14166666666664, 2]
['note_off', 57, 112.15104166666664, 2]
['note_off', 42, 112.18124999999998, 9]
['note_off', 36, 112.20833333333331, 9]
['note_off', 59, 112.23854166666665, 1]
['note_off', 62, 112.25833333333331, 1]
['note_on', 42, 112.26666666666665, 9]
['note_off', 69, 112.27083333333331, 2]
['note_off', 67, 112.31249999999999, 1]
['note_off', 42, 112.31874999999998, 9]
['note_off', 55, 112.34687499999998, 2]
['note_off', 43, 112.36874999999998, 0]
['note_on', 45, 112.39166666666664, 0]
['note_on', 60, 112.39166666666664, 1]
['note_on', 64, 112.39166666666664, 1]
['note_on', 69, 112.39166666666664, 1]
['note_on', 36, 112.39166666666664, 9]
['note_on', 42, 112.39166666666664, 9]
['note_on', 57, 112.39166666666664, 2]
['note_on', 60, 112.39166666666664, 2]
['note_off', 64, 112.39374999999997, 2]
['note_off', 42, 112.46874999999997, 9]
['note_off', 69, 112.4833333333333, 1]
['note_off', 64, 112.50104166666664, 1]
['note_off', 36, 112.51041666666664, 9]
['note_off', 60, 112.51145833333331, 1]
['note_off', 57, 112.52499999999998, 2]
['note_off', 45, 112.54999999999998, 0]
['note_on', 45, 112.64166666666665, 0]
['note_on', 60, 112.64166666666665, 1]
['note_on', 64, 112.64166666666665, 1]
['note_on', 69, 112.64166666666665, 1]
['note_on', 36, 112.64166666666665, 9]
['note_on', 46, 112.64166666666665, 9]
['note_on', 57, 112.64166666666665, 2]
['note_on', 64, 112.64166666666665, 2]
['note_off', 60, 112.72916666666666, 2]
['note_off', 36, 112.73333333333332, 9]
['note_off', 60, 112.76145833333332, 1]
['note_off', 69, 112.77083333333333, 1]
['note_off', 64, 112.78229166666667, 1]
['note_off', 45, 112.79791666666667, 0]
['note_off', 46, 112.83958333333334, 9]
['note_off', 64, 112.890625, 2]
['note_on', 38, 112.89166666666667, 9]
['note_on', 42, 112.89166666666667, 9]
['note_on', 69, 112.89166666666667, 2]
['note_off', 42, 112.95625, 9]
['note_off', 38, 113.10416666666666, 9]
['note_on', 48, 113.14166666666665, 0]
['note_on', 64, 113.14166666666665, 1]
['note_on', 67, 113.14166666666665, 1]
['note_on', 72, 113.14166666666665, 1]
['note_on', 36, 113.14166666666665, 9]
['note_on', 46, 113.14166666666665, 9]
['note_on', 60, 113.14166666666665, 2]
['note_on', 64, 113.14166666666665, 2]
['note_off', 57, 113.14791666666665, 2]
['note_off', 69, 113.17499999999998, 2]
['note_off', 46, 113.34166666666665, 9]
['note_on', 42, 113.39166666666665, 9]
['note_on', 60, 113.39166666666665, 2]
['note_off', 36, 113.42083333333332, 9]
['note_off', 64, 113.42083333333332, 2]
['note_off', 42, 113.46874999999999, 9]
['note_on', 36, 113.64166666666665, 9]
['note_on', 42, 113.64166666666665, 9]
['note_on', 64, 113.64166666666665, 2]
['note_off', 64, 113.66354166666665, 1]
['note_off', 42, 113.70624999999998, 9]
['note_off', 36, 113.70833333333331, 9]
['note_off', 60, 113.72395833333331, 2]
['note_off', 67, 113.76041666666664, 1]
['note_on', 42, 113.76666666666664, 9]
['note_off', 60, 113.7833333333333, 2]
['note_off', 72, 113.81562499999997, 1]
['note_off', 42, 113.83124999999997, 9]
['note_on', 50, 113.89166666666664, 0]
['note_on', 68, 113.89166666666664, 1]
['note_on', 71, 113.89166666666664, 1]
['note_on', 74, 113.89166666666664, 1]
['note_on', 38, 113.89166666666664, 9]
['note_on', 42, 113.89166666666664, 9]
['note_on', 62, 113.89166666666664, 2]
['note_on', 69, 113.89166666666664, 2]
['note_off', 48, 113.89999999999998, 0]
['note_off', 64, 113.91145833333331, 2]
['note_off', 42, 113.98333333333332, 9]
['note_off', 38, 114.06249999999999, 9]
['note_off', 50, 114.07916666666665, 0]
['note_off', 68, 114.07916666666665, 1]
['note_off', 74, 114.13437499999999, 1]
['note_on', 36, 114.14166666666665, 9]
['note_on', 42, 114.14166666666665, 9]
['note_on', 64, 114.14166666666665, 2]
['note_off', 71, 114.14999999999999, 1]
['note_off', 69, 114.16666666666666, 2]
['note_off', 42, 114.19166666666666, 9]
['note_off', 62, 114.19479166666666, 2]
['note_off', 36, 114.23333333333332, 9]
['note_on', 42, 114.26666666666665, 9]
['note_off', 42, 114.31666666666665, 9]
['note_on', 45, 114.39166666666665, 0]
['note_on', 60, 114.39166666666665, 1]
['note_on', 64, 114.39166666666665, 1]
['note_on', 69, 114.39166666666665, 1]
['note_on', 36, 114.39166666666665, 9]
['note_on', 42, 114.39166666666665, 9]
['note_on', 57, 114.39166666666665, 2]
['note_on', 60, 114.39166666666665, 2]
['note_off', 64, 114.42499999999998, 2]
['note_off', 42, 114.45624999999998, 9]
['note_off', 60, 114.49062499999998, 1]
['note_off', 69, 114.49791666666664, 1]
['note_off', 36, 114.49791666666664, 9]
['note_off', 64, 114.49999999999997, 1]
['note_off', 57, 114.51354166666664, 2]
['note_off', 45, 114.53749999999998, 0]
['note_on', 45, 114.64166666666665, 0]
['note_on', 60, 114.64166666666665, 1]
['note_on', 64, 114.64166666666665, 1]
['note_on', 69, 114.64166666666665, 1]
['note_on', 36, 114.64166666666665, 9]
['note_on', 46, 114.64166666666665, 9]
['note_on', 57, 114.64166666666665, 2]
['note_on', 64, 114.64166666666665, 2]
['note_off', 60, 114.71249999999999, 2]
['note_off', 36, 114.72291666666666, 9]
['note_off', 45, 114.7875, 0]
['note_off', 69, 114.79479166666665, 1]
['note_off', 60, 114.79479166666665, 1]
['note_off', 64, 114.81354166666665, 1]
['note_off', 46, 114.82499999999999, 9]
['note_on', 38, 114.89166666666665, 9]
['note_on', 42, 114.89166666666665, 9]
['note_on', 69, 114.89166666666665, 2]
['note_off', 64, 114.91354166666665, 2]
['note_off', 42, 114.95833333333331, 9]
['note_off', 38, 115.08958333333331, 9]
['note_off', 57, 115.12604166666664, 2]
['note_on', 43, 115.14166666666664, 0]
['note_on', 59, 115.14166666666664, 1]
['note_on', 62, 115.14166666666664, 1]
['note_on', 67, 115.14166666666664, 1]
['note_on', 36, 115.14166666666664, 9]
['note_on', 46, 115.14166666666664, 9]
['note_on', 55, 115.14166666666664, 2]
['note_on', 64, 115.14166666666664, 2]
['note_off', 69, 115.17499999999997, 2]
['note_off', 36, 115.26041666666663, 9]
['note_off', 46, 115.29999999999997, 9]
['note_off', 55, 115.3427083333333, 2]
['note_off', 59, 115.35520833333331, 1]
['note_off', 67, 115.38229166666665, 1]
['note_off', 43, 115.38333333333331, 0]
['note_on', 45, 115.39166666666665, 0]
['note_on', 60, 115.39166666666665, 1]
['note_on', 64, 115.39166666666665, 1]
['note_on', 69, 115.39166666666665, 1]
['note_on', 42, 115.39166666666665, 9]
['note_on', 57, 115.39166666666665, 2]
['note_on', 60, 115.39166666666665, 2]
['note_off', 64, 115.40312499999999, 2]
['note_off', 62, 115.43645833333332, 1]
['note_off', 42, 115.45833333333331, 9]
['note_off', 60, 115.46770833333332, 1]
['note_off', 69, 115.47083333333332, 1]
['note_off', 64, 115.48645833333332, 1]
['note_off', 57, 115.50624999999998, 2]
['note_off', 45, 115.57499999999997, 0]
['note_on', 45, 115.64166666666664, 0]
['note_on', 60, 115.64166666666664, 1]
['note_on', 64, 115.64166666666664, 1]
['note_on', 69, 115.64166666666664, 1]
['note_on', 42, 115.64166666666664, 9]
['note_on', 57, 115.64166666666664, 2]
['note_on', 64, 115.64166666666664, 2]
['note_off', 42, 115.67916666666663, 9]
['note_off', 60, 115.7083333333333, 2]
['note_on', 42, 115.76666666666664, 9]
['note_off', 45, 115.79999999999997, 0]
['note_off', 42, 115.81874999999997, 9]
['note_off', 60, 115.8458333333333, 1]
['note_off', 69, 115.84791666666663, 1]
['note_off', 64, 115.86666666666663, 1]
['note_on', 42, 115.89166666666664, 9]
['note_on', 69, 115.89166666666664, 2]
['note_off', 64, 115.9114583333333, 2]
['note_off', 42, 115.95416666666664, 9]
['note_on', 43, 115.9895833333333, 0]
['note_on', 59, 115.9895833333333, 1]
['note_on', 62, 115.9895833333333, 1]
['note_on', 67, 115.9895833333333, 1]
['note_on', 36, 115.9895833333333, 9]
['note_on', 42, 115.9895833333333, 9]
['note_on', 55, 115.9895833333333, 2]
['note_on', 64, 115.9895833333333, 2]
['note_off', 69, 116.04062499999996, 2]
['note_off', 42, 116.04166666666663, 9]
['note_off', 57, 116.04166666666663, 2]
['note_off', 36, 116.04374999999996, 9]
['note_on', 42, 116.1020833333333, 9]
['note_off', 42, 116.1520833333333, 9]
['note_off', 55, 116.16249999999997, 2]
['note_off', 43, 116.2020833333333, 0]
['note_off', 59, 116.20937499999997, 1]
['note_off', 67, 116.2239583333333, 1]
['note_on', 45, 116.2270833333333, 0]
['note_on', 60, 116.2270833333333, 1]
['note_on', 64, 116.2270833333333, 1]
['note_on', 69, 116.2270833333333, 1]
['note_on', 36, 116.2270833333333, 9]
['note_on', 42, 116.2270833333333, 9]
['note_on', 57, 116.2270833333333, 2]
['note_on', 60, 116.2270833333333, 2]
['note_off', 62, 116.24791666666663, 1]
['note_off', 64, 116.25312499999995, 2]
['note_off', 42, 116.27916666666663, 9]
['note_off', 69, 116.31354166666662, 1]
['note_off', 64, 116.32499999999996, 1]
['note_off', 60, 116.32812499999996, 1]
['note_off', 57, 116.34062499999996, 2]
['note_off', 36, 116.34583333333329, 9]
['note_on', 60, 116.35208333333328, 1]
['note_on', 69, 116.35208333333328, 1]
['note_off', 45, 116.39791666666662, 0]
['note_on', 45, 116.47708333333328, 0]
['note_on', 64, 116.47708333333328, 1]
['note_on', 36, 116.47708333333328, 9]
['note_on', 46, 116.47708333333328, 9]
['note_on', 57, 116.47708333333328, 2]
['note_on', 64, 116.47708333333328, 2]
['note_off', 60, 116.48229166666661, 1]
['note_off', 69, 116.49270833333328, 1]
['note_off', 36, 116.56874999999995, 9]
['note_off', 64, 116.57499999999995, 1]
['note_off', 60, 116.60833333333328, 2]
['note_off', 46, 116.63333333333328, 9]
['note_off', 45, 116.70208333333328, 0]
['note_on', 48, 116.72708333333328, 0]
['note_on', 64, 116.72708333333328, 1]
['note_on', 69, 116.72708333333328, 1]
['note_on', 72, 116.72708333333328, 1]
['note_on', 38, 116.72708333333328, 9]
['note_on', 42, 116.72708333333328, 9]
['note_on', 60, 116.72708333333328, 2]
['note_on', 69, 116.72708333333328, 2]
['note_off', 57, 116.73333333333328, 2]
['note_off', 64, 116.76354166666661, 2]
['note_off', 42, 116.79166666666661, 9]
['note_off', 64, 116.91354166666662, 1]
['note_off', 72, 116.93645833333328, 1]
['note_off', 38, 116.93958333333327, 9]
['note_off', 69, 116.94062499999994, 1]
['note_on', 45, 116.97708333333327, 0]
['note_on', 60, 116.97708333333327, 1]
['note_on', 64, 116.97708333333327, 1]
['note_on', 69, 116.97708333333327, 1]
['note_on', 36, 116.97708333333327, 9]
['note_on', 46, 116.97708333333327, 9]
['note_off', 60, 116.97708333333327, 2]
['note_on', 57, 116.97708333333327, 2]
['note_on', 64, 116.97708333333327, 2]
['note_off', 48, 116.99374999999993, 0]
['note_off', 46, 117.12083333333327, 9]
['note_off', 69, 117.1666666666666, 2]
['note_on', 42, 117.22708333333327, 9]
['note_on', 60, 117.22708333333327, 2]
['note_off', 36, 117.25624999999994, 9]
['note_off', 64, 117.27083333333327, 2]
['note_off', 42, 117.27916666666661, 9]
['note_off', 64, 117.32499999999995, 1]
['note_off', 60, 117.33333333333329, 1]
['note_off', 69, 117.34687499999995, 1]
['note_on', 42, 117.35208333333328, 9]
['note_off', 42, 117.41874999999995, 9]
['note_on', 36, 117.47708333333328, 9]
['note_on', 42, 117.47708333333328, 9]
['note_on', 64, 117.47708333333328, 2]
['note_off', 42, 117.52916666666661, 9]
['note_off', 36, 117.54374999999995, 9]
['note_off', 60, 117.57604166666661, 2]
['note_on', 46, 117.60208333333328, 9]
['note_off', 46, 117.68124999999995, 9]
['note_on', 38, 117.72708333333328, 9]
['note_on', 42, 117.72708333333328, 9]
['note_on', 69, 117.72708333333328, 2]
['note_off', 57, 117.72812499999995, 2]
['note_off', 64, 117.76041666666661, 2]
['note_off', 45, 117.77708333333328, 0]
['note_off', 42, 117.83124999999994, 9]
['note_off', 38, 117.8979166666666, 9]
['note_on', 36, 117.97708333333327, 9]
['note_on', 64, 117.97708333333327, 2]
['note_off', 69, 117.99374999999993, 2]
['note_off', 36, 118.06874999999994, 9]
['note_off', 64, 118.2104166666666, 2]
['note_on', 50, 118.22708333333327, 0]
['note_on', 38, 118.22708333333327, 1]
['note_on', 57, 118.22708333333327, 1]
['note_on', 62, 118.22708333333327, 1]
['note_on', 65, 118.22708333333327, 1]
['note_on', 69, 118.22708333333327, 1]
['note_on', 36, 118.22708333333327, 9]
['note_on', 42, 118.22708333333327, 9]
['note_on', 62, 118.22708333333327, 2]
['note_off', 50, 118.34895833333327, 0]
['note_off', 36, 118.35624999999993, 9]
['note_off', 42, 118.47499999999994, 9]
['note_on', 50, 118.47708333333327, 0]
['note_on', 36, 118.47708333333327, 9]
['note_on', 42, 118.47708333333327, 9]
['note_on', 65, 118.47708333333327, 2]
['note_off', 57, 118.61874999999993, 1]
['note_off', 36, 118.6354166666666, 9]
['note_off', 38, 118.63749999999993, 1]
['note_off', 62, 118.68333333333327, 2]
['note_off', 42, 118.72499999999994, 9]
['note_on', 41, 118.72708333333327, 1]
['note_on', 57, 118.72708333333327, 1]
['note_on', 38, 118.72708333333327, 9]
['note_on', 42, 118.72708333333327, 9]
['note_off', 65, 118.72708333333327, 2]
['note_on', 69, 118.72708333333327, 2]
['note_off', 69, 118.80208333333327, 1]
['note_off', 65, 118.81458333333327, 1]
['note_off', 62, 118.82499999999995, 1]
['note_off', 38, 118.89270833333327, 9]
['note_off', 41, 118.8979166666666, 1]
['note_off', 42, 118.97499999999994, 9]
['note_on', 48, 118.97708333333327, 0]
['note_on', 45, 118.97708333333327, 1]
['note_on', 62, 118.97708333333327, 1]
['note_on', 65, 118.97708333333327, 1]
['note_on', 69, 118.97708333333327, 1]
['note_on', 36, 118.97708333333327, 9]
['note_on', 42, 118.97708333333327, 9]
['note_on', 65, 118.97708333333327, 2]
['note_off', 50, 119.00208333333327, 0]
['note_off', 36, 119.10520833333328, 9]
['note_off', 48, 119.18333333333328, 0]
['note_off', 45, 119.20729166666662, 1]
['note_off', 65, 119.21041666666662, 2]
['note_off', 42, 119.22499999999995, 9]
['note_on', 50, 119.22708333333328, 0]
['note_on', 36, 119.22708333333328, 9]
['note_on', 42, 119.22708333333328, 9]
['note_on', 62, 119.22708333333328, 2]
['note_off', 69, 119.24374999999995, 2]
['note_off', 50, 119.33437499999995, 0]
['note_off', 36, 119.35937499999996, 9]
['note_off', 57, 119.38854166666663, 1]
['note_off', 42, 119.47499999999997, 9]
['note_on', 50, 119.4770833333333, 0]
['note_on', 38, 119.4770833333333, 1]
['note_on', 57, 119.4770833333333, 1]
['note_on', 36, 119.4770833333333, 9]
['note_on', 42, 119.4770833333333, 9]
['note_on', 65, 119.4770833333333, 2]
['note_off', 69, 119.49166666666663, 1]
['note_off', 62, 119.51249999999996, 1]
['note_off', 65, 119.5364583333333, 1]
['note_off', 36, 119.59687499999997, 9]
['note_off', 38, 119.68333333333331, 1]
['note_off', 42, 119.72499999999998, 9]
['note_on', 50, 119.72708333333331, 1]
['note_on', 62, 119.72708333333331, 1]
['note_on', 65, 119.72708333333331, 1]
['note_on', 69, 119.72708333333331, 1]
['note_on', 38, 119.72708333333331, 9]
['note_on', 42, 119.72708333333331, 9]
['note_on', 69, 119.72708333333331, 2]
['note_off', 65, 119.74791666666664, 2]
['note_off', 57, 119.80520833333331, 1]
['note_off', 38, 119.89687499999998, 9]
['note_off', 50, 119.94270833333331, 1]
['note_off', 50, 119.97499999999998, 0]
['note_off', 42, 119.97499999999998, 9]
['note_on', 48, 119.97708333333331, 0]
['note_on', 45, 119.97708333333331, 1]
['note_on', 57, 119.97708333333331, 1]
['note_on', 36, 119.97708333333331, 9]
['note_on', 42, 119.97708333333331, 9]
['note_on', 65, 119.97708333333331, 2]
['note_off', 69, 120.00104166666665, 1]
['note_off', 62, 120.00208333333332, 1]
['note_off', 65, 120.02187499999998, 1]
['note_off', 62, 120.02812499999997, 2]
['note_off', 45, 120.07187499999998, 1]
['note_off', 36, 120.09895833333331, 9]
['note_off', 57, 120.11041666666665, 1]
['note_off', 48, 120.19687499999999, 0]
['note_off', 65, 120.21666666666665, 2]
['note_off', 42, 120.225, 9]
['note_on', 45, 120.22708333333333, 0]
['note_on', 45, 120.22708333333333, 1]
['note_on', 57, 120.22708333333333, 1]
['note_on', 60, 120.22708333333333, 1]
['note_on', 64, 120.22708333333333, 1]
['note_on', 69, 120.22708333333333, 1]
['note_on', 36, 120.22708333333333, 9]
['note_on', 42, 120.22708333333333, 9]
['note_on', 60, 120.22708333333333, 2]
['note_off', 69, 120.29166666666666, 2]
['note_off', 45, 120.34270833333332, 0]
['note_off', 36, 120.36770833333333, 9]
['note_off', 45, 120.46145833333333, 1]
['note_off', 42, 120.475, 9]
['note_on', 45, 120.47708333333333, 0]
['note_on', 48, 120.47708333333333, 1]
['note_on', 36, 120.47708333333333, 9]
['note_on', 42, 120.47708333333333, 9]
['note_on', 64, 120.47708333333333, 2]
['note_off', 36, 120.59062499999999, 9]
['note_off', 57, 120.63020833333333, 1]
['note_off', 60, 120.68333333333332, 2]
['note_off', 48, 120.725, 1]
['note_off', 42, 120.725, 9]
['note_on', 52, 120.72708333333333, 1]
['note_on', 57, 120.72708333333333, 1]
['note_on', 38, 120.72708333333333, 9]
['note_on', 42, 120.72708333333333, 9]
['note_on', 69, 120.72708333333333, 2]
['note_off', 64, 120.78958333333333, 2]
['note_off', 57, 120.86770833333333, 1]
['note_off', 69, 120.87604166666667, 1]
['note_off', 38, 120.87604166666667, 9]
['note_off', 64, 120.890625, 1]
['note_off', 60, 120.89479166666666, 1]
['note_off', 52, 120.975, 1]
['note_off', 42, 120.975, 9]
['note_on', 43, 120.97708333333333, 0]
['note_on', 57, 120.97708333333333, 1]
['note_on', 57, 120.97708333333333, 1]
['note_on', 36, 120.97708333333333, 9]
['note_on', 42, 120.97708333333333, 9]
['note_on', 64, 120.97708333333333, 2]
['note_off', 45, 121.00416666666666, 0]
['note_off', 43, 121.15208333333332, 0]
['note_off', 57, 121.1625, 1]
['note_off', 36, 121.209375, 9]
['note_off', 64, 121.21979166666667, 2]
['note_off', 42, 121.225, 9]
['note_on', 45, 121.22708333333333, 0]
['note_on', 42, 121.22708333333333, 9]
['note_on', 60, 121.22708333333333, 2]
['note_off', 69, 121.32395833333332, 2]
['note_off', 45, 121.35208333333333, 0]
['note_off', 42, 121.475, 9]
['note_on', 45, 121.47708333333333, 0]
['note_on', 45, 121.47708333333333, 1]
['note_on', 60, 121.47708333333333, 1]
['note_on', 64, 121.47708333333333, 1]
['note_on', 69, 121.47708333333333, 1]
['note_on', 36, 121.47708333333333, 9]
['note_on', 42, 121.47708333333333, 9]
['note_on', 64, 121.47708333333333, 2]
['note_off', 57, 121.57083333333333, 1]
['note_off', 36, 121.63854166666665, 9]
['note_off', 45, 121.68124999999999, 1]
['note_off', 60, 121.68645833333332, 2]
['note_off', 45, 121.70729166666665, 0]
['note_off', 42, 121.72499999999998, 9]
['note_on', 43, 121.72708333333331, 0]
['note_on', 52, 121.72708333333331, 1]
['note_on', 57, 121.72708333333331, 1]
['note_on', 38, 121.72708333333331, 9]
['note_on', 42, 121.72708333333331, 9]
['note_on', 69, 121.72708333333331, 2]
['note_off', 64, 121.75937499999998, 2]
['note_off', 57, 121.87291666666664, 1]
['note_off', 60, 121.8739583333333, 1]
['note_off', 38, 121.89166666666664, 9]
['note_off', 52, 121.92499999999997, 1]
['note_off', 43, 121.95937499999997, 0]
['note_off', 42, 121.97499999999997, 9]
['note_on', 43, 121.9770833333333, 0]
['note_on', 48, 121.9770833333333, 1]
['note_on', 57, 121.9770833333333, 1]
['note_on', 36, 121.9770833333333, 9]
['note_on', 42, 121.9770833333333, 9]
['note_on', 64, 121.9770833333333, 2]
['note_off', 69, 122.02916666666663, 2]
['note_off', 64, 122.0552083333333, 1]
['note_off', 36, 122.06145833333329, 9]
['note_off', 48, 122.06770833333329, 1]
['note_off', 57, 122.12291666666663, 1]
['note_off', 43, 122.13124999999997, 0]
['note_off', 42, 122.22499999999997, 9]
['note_on', 40, 122.2270833333333, 0]
['note_on', 40, 122.2270833333333, 1]
['note_on', 56, 122.2270833333333, 1]
['note_on', 59, 122.2270833333333, 1]
['note_on', 36, 122.2270833333333, 9]
['note_on', 42, 122.2270833333333, 9]
['note_on', 59, 122.2270833333333, 2]
['note_off', 64, 122.2458333333333, 2]
['note_off', 69, 122.29374999999996, 1]
['note_off', 40, 122.36249999999995, 0]
['note_off', 40, 122.38958333333329, 1]
['note_off', 36, 122.42395833333329, 9]
['note_off', 42, 122.47499999999995, 9]
['note_on', 40, 122.47708333333328, 0]
['note_on', 40, 122.47708333333328, 1]
['note_on', 42, 122.47708333333328, 9]
['note_on', 64, 122.47708333333328, 2]
['note_off', 40, 122.63437499999995, 1]
['note_off', 42, 122.72499999999995, 9]
['note_on', 44, 122.72708333333328, 1]
['note_on', 64, 122.72708333333328, 1]
['note_on', 68, 122.72708333333328, 1]
['note_on', 38, 122.72708333333328, 9]
['note_on', 42, 122.72708333333328, 9]
['note_on', 68, 122.72708333333328, 2]
['note_off', 64, 122.77604166666661, 2]
['note_off', 59, 122.83645833333328, 1]
['note_off', 56, 122.85624999999995, 1]
['note_off', 40, 122.86041666666661, 0]
['note_off', 44, 122.89270833333327, 1]
['note_off', 38, 122.90520833333328, 9]
['note_off', 42, 122.97499999999994, 9]
['note_on', 40, 122.97708333333327, 0]
['note_on', 40, 122.97708333333327, 1]
['note_on', 56, 122.97708333333327, 1]
['note_on', 59, 122.97708333333327, 1]
['note_on', 36, 122.97708333333327, 9]
['note_on', 42, 122.97708333333327, 9]
['note_on', 64, 122.97708333333327, 2]
['note_off', 59, 123.00624999999994, 2]
['note_off', 36, 123.14270833333327, 9]
['note_off', 40, 123.15833333333327, 1]
['note_off', 40, 123.16145833333327, 0]
['note_off', 68, 123.1979166666666, 2]
['note_off', 56, 123.20833333333327, 1]
['note_off', 42, 123.22499999999994, 9]
['note_on', 44, 123.22708333333327, 0]
['note_on', 50, 123.22708333333327, 1]
['note_on', 52, 123.22708333333327, 1]
['note_on', 42, 123.22708333333327, 9]
['note_on', 59, 123.22708333333327, 2]
['note_off', 64, 123.2416666666666, 2]
['note_off', 59, 123.26145833333327, 1]
['note_off', 50, 123.3385416666666, 1]
['note_off', 52, 123.36458333333327, 1]
['note_off', 44, 123.42395833333327, 0]
['note_off', 64, 123.42708333333327, 1]
['note_off', 68, 123.4572916666666, 1]
['note_off', 42, 123.47499999999994, 9]
['note_on', 40, 123.47708333333327, 0]
['note_on', 47, 123.47708333333327, 1]
['note_on', 56, 123.47708333333327, 1]
['note_on', 59, 123.47708333333327, 1]
['note_on', 36, 123.47708333333327, 9]
['note_on', 42, 123.47708333333327, 9]
['note_on', 64, 123.47708333333327, 2]
['note_off', 40, 123.62604166666661, 0]
['note_off', 47, 123.63437499999995, 1]
['note_off', 36, 123.65520833333328, 9]
['note_off', 64, 123.68333333333328, 2]
['note_off', 42, 123.72499999999995, 9]
['note_on', 44, 123.72708333333328, 0]
['note_on', 44, 123.72708333333328, 1]
['note_on', 64, 123.72708333333328, 1]
['note_on', 68, 123.72708333333328, 1]
['note_on', 38, 123.72708333333328, 9]
['note_on', 42, 123.72708333333328, 9]
['note_on', 68, 123.72708333333328, 2]
['note_off', 59, 123.74166666666662, 1]
['note_off', 56, 123.81145833333328, 1]
['note_off', 38, 123.89895833333328, 9]
['note_off', 44, 123.94583333333328, 1]
['note_off', 44, 123.96458333333328, 0]
['note_off', 42, 123.97499999999995, 9]
['note_on', 47, 123.97708333333328, 0]
['note_on', 40, 123.97708333333328, 1]
['note_on', 56, 123.97708333333328, 1]
['note_on', 59, 123.97708333333328, 1]
['note_on', 36, 123.97708333333328, 9]
['note_on', 42, 123.97708333333328, 9]
['note_on', 64, 123.97708333333328, 2]
['note_off', 59, 124.00729166666662, 2]
['note_off', 68, 124.05833333333328, 2]
['note_off', 36, 124.08958333333328, 9]
['note_off', 56, 124.10624999999995, 1]
['note_off', 40, 124.10937499999994, 1]
['note_off', 59, 124.12187499999995, 1]
['note_off', 64, 124.13020833333329, 1]
['note_off', 47, 124.14270833333329, 0]
['note_off', 68, 124.14999999999995, 1]
['note_off', 64, 124.22187499999995, 2]
['note_off', 42, 124.22499999999995, 9]
['note_on', 45, 124.22708333333328, 0]
['note_on', 45, 124.22708333333328, 1]
['note_on', 57, 124.22708333333328, 1]
['note_on', 60, 124.22708333333328, 1]
['note_on', 64, 124.22708333333328, 1]
['note_on', 69, 124.22708333333328, 1]
['note_on', 36, 124.22708333333328, 9]
['note_on', 42, 124.22708333333328, 9]
['note_on', 69, 124.22708333333328, 2]
['note_off', 36, 124.36458333333329, 9]
['note_off', 45, 124.37604166666662, 0]
['note_off', 45, 124.41354166666662, 1]
['note_off', 42, 124.47499999999995, 9]
['note_on', 45, 124.47708333333328, 0]
['note_on', 36, 124.47708333333328, 9]
['note_on', 42, 124.47708333333328, 9]
['note_on', 64, 124.47708333333328, 2]
['note_off', 36, 124.59791666666662, 9]
['note_on', 40, 124.60208333333328, 1]
['note_off', 69, 124.60624999999995, 2]
['note_off', 64, 124.63124999999995, 1]
['note_off', 45, 124.64999999999995, 0]
['note_off', 60, 124.67083333333328, 1]
['note_off', 64, 124.68437499999995, 2]
['note_off', 69, 124.68541666666661, 1]
['note_off', 57, 124.68854166666661, 1]
['note_off', 42, 124.72499999999994, 9]
['note_on', 40, 124.72708333333327, 0]
['note_on', 56, 124.72708333333327, 1]
['note_on', 64, 124.72708333333327, 1]
['note_on', 68, 124.72708333333327, 1]
['note_on', 38, 124.72708333333327, 9]
['note_on', 42, 124.72708333333327, 9]
['note_on', 60, 124.72708333333327, 2]
['note_off', 40, 124.77708333333327, 1]
['note_off', 38, 124.89583333333327, 9]
['note_off', 40, 124.91562499999993, 0]
['note_off', 42, 124.97499999999994, 9]
['note_on', 43, 124.97708333333327, 0]
['note_on', 45, 124.97708333333327, 1]
['note_on', 36, 124.97708333333327, 9]
['note_on', 42, 124.97708333333327, 9]
['note_on', 64, 124.97708333333327, 2]
['note_off', 64, 124.9979166666666, 1]
['note_off', 68, 125.0166666666666, 1]
['note_off', 56, 125.06562499999993, 1]
['note_off', 36, 125.1104166666666, 9]
['note_off', 43, 125.16770833333327, 0]
['note_off', 45, 125.1885416666666, 1]
['note_off', 60, 125.21249999999993, 2]
['note_off', 42, 125.22499999999994, 9]
['note_on', 45, 125.22708333333327, 0]
['note_on', 55, 125.22708333333327, 1]
['note_on', 57, 125.22708333333327, 1]
['note_on', 60, 125.22708333333327, 1]
['note_on', 64, 125.22708333333327, 1]
['note_on', 36, 125.22708333333327, 9]
['note_on', 42, 125.22708333333327, 9]
['note_on', 57, 125.22708333333327, 2]
['note_off', 64, 125.2541666666666, 2]
['note_off', 55, 125.3197916666666, 1]
['note_off', 36, 125.33958333333327, 9]
['note_off', 42, 125.47499999999994, 9]
['note_on', 42, 125.47708333333327, 9]
['note_off', 45, 125.51562499999993, 0]
['note_off', 64, 125.59791666666659, 1]
['note_off', 60, 125.59895833333326, 1]
['note_off', 57, 125.61354166666659, 1]
['note_off', 42, 125.72499999999992, 9]
['note_on', 33, 125.72708333333325, 1]
['note_on', 42, 125.72708333333325, 9]
['note_on', 55, 125.72708333333325, 9]
['note_off', 57, 125.79062499999992, 2]
['note_off', 55, 125.81666666666659, 9]
['note_off', 33, 125.97499999999992, 1]
['note_off', 42, 125.97499999999992, 9]
['note_on', 42, 125.97708333333325, 9]
['note_off', 42, 126.22499999999992, 9]
480
