['note_on', 60, 0, 0]
['note_on', 48, 0, 0]
['note_off', 60, 0.56875, 0]
['note_off', 48, 0.56875, 0]
['note_on', 60, 0.6, 0]
['note_on', 52, 0.6, 0]
['note_on', 55, 0.6, 0]
['note_off', 52, 0.88375, 0]
['note_off', 55, 0.88375, 0]
['note_off', 60, 1.1687500000000002, 0]
['note_on', 67, 1.2000000000000002, 0]
['note_on', 48, 1.2000000000000002, 0]
['note_off', 67, 1.7687500000000003, 0]
['note_off', 48, 1.7687500000000003, 0]
['note_on', 67, 1.8000000000000003, 0]
['note_on', 52, 1.8000000000000003, 0]
['note_on', 55, 1.8000000000000003, 0]
['note_off', 52, 2.08375, 0]
['note_off', 55, 2.08375, 0]
['note_off', 67, 2.3687500000000004, 0]
['note_on', 69, 2.4000000000000004, 0]
['note_on', 41, 2.4000000000000004, 0]
['note_off', 69, 2.9687500000000004, 0]
['note_off', 41, 2.9687500000000004, 0]
['note_on', 69, 3.0000000000000004, 0]
['note_on', 45, 3.0000000000000004, 0]
['note_on', 48, 3.0000000000000004, 0]
['note_off', 45, 3.2837500000000004, 0]
['note_off', 48, 3.2837500000000004, 0]
['note_off', 69, 3.5687500000000005, 0]
['note_on', 67, 3.6000000000000005, 0]
['note_on', 48, 3.6000000000000005, 0]
['note_off', 48, 4.16875, 0]
['note_on', 52, 4.2, 0]
['note_on', 55, 4.2, 0]
['note_off', 52, 4.483750000000001, 0]
['note_off', 55, 4.483750000000001, 0]
['note_off', 67, 4.7387500000000005, 0]
['note_on', 65, 4.800000000000001, 0]
['note_on', 41, 4.800000000000001, 0]
['note_off', 65, 5.36875, 0]
['note_off', 41, 5.36875, 0]
['note_on', 65, 5.4, 0]
['note_on', 45, 5.4, 0]
['note_on', 48, 5.4, 0]
['note_off', 45, 5.683750000000001, 0]
['note_off', 48, 5.683750000000001, 0]
['note_off', 65, 5.968750000000001, 0]
['note_on', 64, 6.000000000000001, 0]
['note_on', 48, 6.000000000000001, 0]
['note_off', 64, 6.5687500000000005, 0]
['note_off', 48, 6.5687500000000005, 0]
['note_on', 64, 6.6000000000000005, 0]
['note_on', 52, 6.6000000000000005, 0]
['note_on', 55, 6.6000000000000005, 0]
['note_off', 52, 6.883750000000001, 0]
['note_off', 55, 6.883750000000001, 0]
['note_off', 64, 7.168750000000001, 0]
['note_on', 62, 7.200000000000001, 0]
['note_on', 43, 7.200000000000001, 0]
['note_off', 62, 7.768750000000001, 0]
['note_off', 43, 7.768750000000001, 0]
['note_on', 62, 7.800000000000001, 0]
['note_on', 47, 7.800000000000001, 0]
['note_on', 50, 7.800000000000001, 0]
['note_off', 47, 8.08375, 0]
['note_off', 50, 8.08375, 0]
['note_off', 62, 8.36875, 0]
['note_on', 60, 8.4, 0]
['note_on', 48, 8.4, 0]
['note_off', 48, 8.96875, 0]
['note_on', 52, 9.0, 0]
['note_on', 55, 9.0, 0]
['note_off', 52, 9.28375, 0]
['note_off', 55, 9.28375, 0]
['note_on', 48, 9.6, 0]
['note_off', 48, 10.16875, 0]
['note_on', 52, 10.2, 0]
['note_on', 55, 10.2, 0]
['note_off', 52, 10.483749999999999, 0]
['note_off', 55, 10.483749999999999, 0]
['note_off', 60, 10.678749999999999, 0]
['note_on', 67, 10.799999999999999, 0]
['note_on', 48, 10.799999999999999, 0]
['note_off', 67, 11.368749999999999, 0]
['note_off', 48, 11.368749999999999, 0]
['note_on', 67, 11.399999999999999, 0]
['note_on', 52, 11.399999999999999, 0]
['note_on', 55, 11.399999999999999, 0]
['note_off', 52, 11.683749999999998, 0]
['note_off', 55, 11.683749999999998, 0]
['note_off', 67, 11.968749999999998, 0]
['note_on', 65, 11.999999999999998, 0]
['note_on', 41, 11.999999999999998, 0]
['note_off', 65, 12.568749999999998, 0]
['note_off', 41, 12.568749999999998, 0]
['note_on', 65, 12.599999999999998, 0]
['note_on', 45, 12.599999999999998, 0]
['note_on', 48, 12.599999999999998, 0]
['note_off', 45, 12.883749999999997, 0]
['note_off', 48, 12.883749999999997, 0]
['note_off', 65, 13.168749999999998, 0]
['note_on', 64, 13.199999999999998, 0]
['note_on', 48, 13.199999999999998, 0]
['note_off', 64, 13.768749999999997, 0]
['note_off', 48, 13.768749999999997, 0]
['note_on', 64, 13.799999999999997, 0]
['note_on', 52, 13.799999999999997, 0]
['note_on', 55, 13.799999999999997, 0]
['note_off', 52, 14.083749999999997, 0]
['note_off', 55, 14.083749999999997, 0]
['note_off', 64, 14.368749999999997, 0]
['note_on', 62, 14.399999999999997, 0]
['note_on', 43, 14.399999999999997, 0]
['note_off', 43, 14.968749999999996, 0]
['note_on', 47, 14.999999999999996, 0]
['note_on', 50, 14.999999999999996, 0]
['note_off', 47, 15.283749999999996, 0]
['note_off', 50, 15.283749999999996, 0]
['note_on', 43, 15.599999999999996, 0]
['note_off', 43, 16.168749999999996, 0]
['note_on', 47, 16.199999999999996, 0]
['note_on', 50, 16.199999999999996, 0]
['note_off', 47, 16.483749999999997, 0]
['note_off', 50, 16.483749999999997, 0]
['note_off', 62, 16.678749999999997, 0]
['note_on', 67, 16.799999999999997, 0]
['note_on', 48, 16.799999999999997, 0]
['note_off', 67, 17.36875, 0]
['note_off', 48, 17.36875, 0]
['note_on', 67, 17.4, 0]
['note_on', 52, 17.4, 0]
['note_on', 55, 17.4, 0]
['note_off', 52, 17.68375, 0]
['note_off', 55, 17.68375, 0]
['note_off', 67, 17.96875, 0]
['note_on', 65, 18.0, 0]
['note_on', 41, 18.0, 0]
['note_off', 65, 18.56875, 0]
['note_off', 41, 18.56875, 0]
['note_on', 65, 18.6, 0]
['note_on', 45, 18.6, 0]
['note_on', 48, 18.6, 0]
['note_off', 45, 18.883750000000003, 0]
['note_off', 48, 18.883750000000003, 0]
['note_off', 65, 19.168750000000003, 0]
['note_on', 64, 19.200000000000003, 0]
['note_on', 48, 19.200000000000003, 0]
['note_off', 64, 19.768750000000004, 0]
['note_off', 48, 19.768750000000004, 0]
['note_on', 64, 19.800000000000004, 0]
['note_on', 52, 19.800000000000004, 0]
['note_on', 55, 19.800000000000004, 0]
['note_off', 52, 20.083750000000006, 0]
['note_off', 55, 20.083750000000006, 0]
['note_off', 64, 20.368750000000006, 0]
['note_on', 62, 20.400000000000006, 0]
['note_on', 43, 20.400000000000006, 0]
['note_off', 43, 20.968750000000007, 0]
['note_on', 47, 21.000000000000007, 0]
['note_on', 50, 21.000000000000007, 0]
['note_off', 47, 21.28375000000001, 0]
['note_off', 50, 21.28375000000001, 0]
['note_on', 43, 21.60000000000001, 0]
['note_off', 43, 22.16875000000001, 0]
['note_on', 47, 22.20000000000001, 0]
['note_on', 50, 22.20000000000001, 0]
['note_off', 47, 22.48375000000001, 0]
['note_off', 50, 22.48375000000001, 0]
['note_off', 62, 22.67875000000001, 0]
['note_on', 60, 22.80000000000001, 0]
['note_on', 48, 22.80000000000001, 0]
['note_off', 60, 23.368750000000013, 0]
['note_off', 48, 23.368750000000013, 0]
['note_on', 60, 23.400000000000013, 0]
['note_on', 52, 23.400000000000013, 0]
['note_on', 55, 23.400000000000013, 0]
['note_off', 52, 23.683750000000014, 0]
['note_off', 55, 23.683750000000014, 0]
['note_off', 60, 23.968750000000014, 0]
['note_on', 67, 24.000000000000014, 0]
['note_on', 48, 24.000000000000014, 0]
['note_off', 67, 24.568750000000016, 0]
['note_off', 48, 24.568750000000016, 0]
['note_on', 67, 24.600000000000016, 0]
['note_on', 52, 24.600000000000016, 0]
['note_on', 55, 24.600000000000016, 0]
['note_off', 52, 24.883750000000017, 0]
['note_off', 55, 24.883750000000017, 0]
['note_off', 67, 25.168750000000017, 0]
['note_on', 69, 25.200000000000017, 0]
['note_on', 41, 25.200000000000017, 0]
['note_off', 69, 25.76875000000002, 0]
['note_off', 41, 25.76875000000002, 0]
['note_on', 69, 25.80000000000002, 0]
['note_on', 45, 25.80000000000002, 0]
['note_on', 48, 25.80000000000002, 0]
['note_off', 45, 26.08375000000002, 0]
['note_off', 48, 26.08375000000002, 0]
['note_off', 69, 26.36875000000002, 0]
['note_on', 67, 26.40000000000002, 0]
['note_on', 48, 26.40000000000002, 0]
['note_off', 48, 26.96875000000002, 0]
['note_on', 52, 27.00000000000002, 0]
['note_on', 55, 27.00000000000002, 0]
['note_off', 52, 27.283750000000023, 0]
['note_off', 55, 27.283750000000023, 0]
['note_off', 67, 27.53875000000002, 0]
['note_on', 65, 27.600000000000023, 0]
['note_on', 41, 27.600000000000023, 0]
['note_off', 65, 28.168750000000024, 0]
['note_off', 41, 28.168750000000024, 0]
['note_on', 65, 28.200000000000024, 0]
['note_on', 45, 28.200000000000024, 0]
['note_on', 48, 28.200000000000024, 0]
['note_off', 45, 28.483750000000025, 0]
['note_off', 48, 28.483750000000025, 0]
['note_off', 65, 28.768750000000026, 0]
['note_on', 64, 28.800000000000026, 0]
['note_on', 48, 28.800000000000026, 0]
['note_off', 64, 29.368750000000027, 0]
['note_off', 48, 29.368750000000027, 0]
['note_on', 64, 29.400000000000027, 0]
['note_on', 52, 29.400000000000027, 0]
['note_on', 55, 29.400000000000027, 0]
['note_off', 52, 29.68375000000003, 0]
['note_off', 55, 29.68375000000003, 0]
['note_off', 64, 29.96875000000003, 0]
['note_on', 62, 30.00000000000003, 0]
['note_on', 43, 30.00000000000003, 0]
['note_off', 62, 30.56875000000003, 0]
['note_off', 43, 30.56875000000003, 0]
['note_on', 62, 30.60000000000003, 0]
['note_on', 47, 30.60000000000003, 0]
['note_on', 50, 30.60000000000003, 0]
['note_off', 47, 30.88375000000003, 0]
['note_off', 50, 30.88375000000003, 0]
['note_off', 62, 31.16875000000003, 0]
['note_on', 60, 31.20000000000003, 0]
['note_on', 48, 31.20000000000003, 0]
['note_off', 48, 31.768750000000033, 0]
['note_on', 52, 31.800000000000033, 0]
['note_on', 55, 31.800000000000033, 0]
['note_off', 52, 32.08375000000003, 0]
['note_off', 55, 32.08375000000003, 0]
['note_on', 48, 32.40000000000003, 0]
['note_off', 60, 35.75875000000003, 0]
['note_off', 48, 35.81875000000003, 0]
480
