60
48
60
48
60
52
55
52
55
60
67
48
67
48
67
52
55
52
55
67
69
41
69
41
69
45
48
45
48
69
67
48
48
52
55
52
55
67
65
41
65
41
65
45
48
45
48
65
64
48
64
48
64
52
55
52
55
64
62
43
62
43
62
47
50
47
50
62
60
48
48
52
55
52
55
48
48
52
55
52
55
60
67
48
67
48
67
52
55
52
55
67
65
41
65
41
65
45
48
45
48
65
64
48
64
48
64
52
55
52
55
64
62
43
43
47
50
47
50
43
43
47
50
47
50
62
67
48
67
48
67
52
55
52
55
67
65
41
65
41
65
45
48
45
48
65
64
48
64
48
64
52
55
52
55
64
62
43
43
47
50
47
50
43
43
47
50
47
50
62
60
48
60
48
60
52
55
52
55
60
67
48
67
48
67
52
55
52
55
67
69
41
69
41
69
45
48
45
48
69
67
48
48
52
55
52
55
67
65
41
65
41
65
45
48
45
48
65
64
48
64
48
64
52
55
52
55
64
62
43
62
43
62
47
50
47
50
62
60
48
48
52
55
52
55
48
60
48
480
